{"proxy_order": ["backFoot_L0_ball_jnt_00_proxy", "backFoot_R0_ball_jnt_00_proxy", "backLeg_L0_cannon_jnt_00_proxy", "backLeg_L0_cannon_twist_01_jnt_00_proxy", "backLeg_L0_cannon_twist_02_jnt_00_proxy", "backLeg_L0_foot_jnt_00_proxy", "backLeg_L0_tibia_jnt_00_proxy", "backLeg_L0_tibia_twist_02_jnt_00_proxy", "backLeg_L0_tibia_twist_03_jnt_00_proxy", "backLeg_R0_cannon_jnt_00_proxy", "backLeg_R0_cannon_twist_01_jnt_00_proxy", "backLeg_R0_cannon_twist_02_jnt_00_proxy", "backLeg_R0_foot_jnt_00_proxy", "backLeg_R0_tibia_jnt_00_proxy", "backLeg_R0_tibia_twist_02_jnt_00_proxy", "backLeg_R0_tibia_twist_03_jnt_00_proxy", "ear_L0_ear_01_jnt_00_proxy", "ear_L0_ear_02_jnt_00_proxy", "ear_L0_ear_03_jnt_00_proxy", "ear_R0_ear_01_jnt_00_proxy", "ear_R0_ear_02_jnt_00_proxy", "ear_R0_ear_03_jnt_00_proxy", "frontFoot_L0_ball_jnt_00_proxy", "frontFoot_R0_ball_jnt_00_proxy", "frontLeg_L0_cannon_jnt_00_proxy", "frontLeg_L0_cannon_twist_01_jnt_00_proxy", "frontLeg_L0_cannon_twist_02_jnt_00_proxy", "frontLeg_L0_foot_jnt_00_proxy", "frontLeg_L0_tibia_jnt_00_proxy", "frontLeg_L0_tibia_twist_02_jnt_00_proxy", "frontLeg_L0_tibia_twist_03_jnt_00_proxy", "frontLeg_R0_cannon_jnt_00_proxy", "frontLeg_R0_cannon_twist_01_jnt_00_proxy", "frontLeg_R0_cannon_twist_02_jnt_00_proxy", "frontLeg_R0_foot_jnt_00_proxy", "frontLeg_R0_tibia_jnt_00_proxy", "frontLeg_R0_tibia_twist_02_jnt_00_proxy", "frontLeg_R0_tibia_twist_03_jnt_00_proxy", "horn_L0_horn_01_jnt_00_proxy", "horn_L0_horn_02_jnt_00_proxy", "horn_L0_horn_03_jnt_00_proxy", "horn_R0_horn_01_jnt_00_proxy", "horn_R0_horn_02_jnt_00_proxy", "horn_R0_horn_03_jnt_00_proxy", "mouth_C0_jaw_jnt_00_proxy", "neck_C0_head_jnt_00_proxy", "neck_C0_neck_01_jnt_00_proxy", "neck_C0_neck_02_jnt_00_proxy", "neck_C0_neck_03_jnt_00_proxy", "neck_C0_neck_04_jnt_00_proxy", "neck_C0_neck_05_jnt_00_proxy", "neck_C0_neck_06_jnt_00_proxy", "spine_C0_pelvis_jnt_00_proxy", "spine_C0_spine_01_jnt_00_proxy", "spine_C0_spine_02_jnt_00_proxy", "spine_C0_spine_03_jnt_00_proxy", "spine_C0_spine_04_jnt_00_proxy", "tail_C0_tail_01_jnt_00_proxy", "tail_C0_tail_02_jnt_00_proxy", "tail_C0_tail_03_jnt_00_proxy", "tail_C0_tail_04_jnt_00_proxy", "tail_C0_tail_05_jnt_00_proxy", "tail_C0_tail_06_jnt_00_proxy", "tail_C0_tail_07_jnt_00_proxy", "tail_C0_tail_07_jnt_01_proxy"], "backFoot_L0_ball_jnt_00_proxy": {"t": [0.22798415910871805, -0.2757673944227841, -1.3034659777575913e-15], "r": [90.00000000000051, 0.0, -89.559266658987], "s": [1.0, 1.0, 1.0], "shape": "box", "axis": "xy", "length": 0.460999995470047, "side": 1.1990000009536743, "parent": "backFoot_L0_ball_jnt", "worldMatrix": [[-6.518090519798781e-16, -0.9999788539949225, 0.006503196368014072, 0.0], [-0.9999999999999998, 6.146525169001013e-16, -8.094208704745451e-15, 0.0], [8.062786711701847e-15, -0.006503196368014016, -0.9999788539949225, 0.0], [1.0737862765302828, 0.2351366808998614, -4.581746088448431, 1.0]]}, "backFoot_R0_ball_jnt_00_proxy": {"t": [-0.2279841591087184, 0.2757673944227831, -2.362074980055695e-09], "r": [-90.00000051129184, 3.180554681463516e-15, 90.44073334101307], "s": [0.9999999999999993, 0.9999999999999996, -0.9999999999999992], "shape": "box", "axis": "xy", "length": 0.460999995470047, "side": 1.1990000009536743, "parent": "backFoot_R0_ball_jnt", "worldMatrix": [[1.3729575367196295e-16, -0.9999788539949224, 0.0065031963680147395, 0.0], [0.9999999999999996, -5.8032853685038934e-11, -8.923537008481036e-09, 0.0], [-8.923725679431197e-09, -0.006503196368014794, -0.9999788539949221, 0.0], [-1.073786274168206, 0.23513668089986312, -4.581746088448432, 1.0]]}, "backLeg_L0_cannon_jnt_00_proxy": {"t": [0.9009590340815787, 0.0015594654321384738, 4.440892098500626e-16], "r": [90.0, 0.0, 0.09917287573203792], "s": [0.9999999999999999, 0.9999999999999998, 1.0000000000000002], "shape": "box", "axis": "xy", "length": 1.801920771598816, "side": 1.2291260957717896, "parent": "backLeg_L0_cannon_jnt", "worldMatrix": [[-7.02800225145543e-16, -0.9914549661718995, -0.13044941568699206, 0.0], [-1.0, 6.040260241429167e-16, 8.43080326005993e-16, 0.0], [-7.296573928216808e-16, 0.13044941568699234, -0.9914549661719, 0.0], [1.0737862765302788, 5.259975381884991, -4.611938764268724, 1.0]]}, "backLeg_L0_cannon_twist_01_jnt_00_proxy": {"t": [0.9165080689859892, 8.811622686621945e-06, -2.220446049250313e-16], "r": [90.0, 0.0, 0.0005508612609643205], "s": [0.9999999999999998, 0.9999999999999998, 0.9999999999999998], "shape": "box", "axis": "xy", "length": 1.8330161571502686, "side": 0.949126124382019, "parent": "backLeg_L0_cannon_twist_01_jnt", "worldMatrix": [[-7.026989555085156e-16, -0.9914730605756013, -0.13031181893002003, 0.0], [-1.0000000000000002, 6.040260241429168e-16, 8.430803260059932e-16, 0.0], [-7.297549213888178e-16, 0.13031181893002028, -0.9914730605756014, 0.0], [1.0737862765302801, 1.6568667402534287, -5.085673264193343, 1.0]]}, "backLeg_L0_cannon_twist_02_jnt_00_proxy": {"t": [0.9083249564936899, 1.698089116342061e-05, 0.0], "r": [90.0, 0.0, 0.0010711292130842864], "s": [1.0, 1.0000000000000002, 1.0000000000000002], "shape": "box", "axis": "xy", "length": 1.8166499137878418, "side": 0.8491261601448059, "parent": "backLeg_L0_cannon_twist_02_jnt", "worldMatrix": [[-7.027159542560756e-16, -0.9914700248182651, -0.13033491430491398, 0.0], [-1.0000000000000004, 6.040260241429169e-16, 8.430803260059934e-16, 0.0], [-7.297385524952973e-16, 0.13033491430491423, -0.9914700248182653, 0.0], [1.0737862765302795, 3.466136767810422, -4.847854975267909, 1.0]]}, "backLeg_L0_foot_jnt_00_proxy": {"t": [0.1470344699300891, 0.007306081242178779, -3.971725133554182e-18], "r": [0.0, 0.0, 7.8215280294576095], "s": [1.0000000000000002, 1.0, 1.0000000000000002], "shape": "box", "axis": "xy", "length": 0.26100000739097595, "side": 1.1990000009536743, "parent": "backLeg_L0_foot_jnt", "worldMatrix": [[-5.968963559045095e-16, -0.9999833401440169, 0.005772298884806765, 0.0], [8.185614257170168e-16, 0.005772298884806543, 0.9999833401440167, 0.0], [-1.0000000000000002, 6.040260241429168e-16, 8.430803260059932e-16, 0.0], [1.0737862765302812, 0.6014415582920676, -5.217029804286797, 1.0]]}, "backLeg_L0_tibia_jnt_00_proxy": {"t": [0.8224867595608645, -0.34937100437866075, 5.0742951977127415e-16], "r": [90.0, 0.0, -0.286202909179283], "s": [0.9999999999999997, 0.9999999999999998, 0.9999999999999999], "shape": "box", "axis": "xy", "length": 1.648443341255188, "side": 2.4691262245178223, "parent": "backLeg_L0_tibia_jnt", "worldMatrix": [[-8.846032032267637e-16, -0.9106810198892854, -0.4131102516440498, 0.0], [-0.9999999999999998, 6.040260241429166e-16, 8.430803260059928e-16, 0.0], [-4.93766382214207e-16, 0.4131102516440501, -0.9106810198892856, 0.0], [1.0737862765302792, 10.083042003833107, -3.0907355655970363, 1.0]]}, "backLeg_L0_tibia_twist_02_jnt_00_proxy": {"t": [0.8301960707575284, -0.16399369773888056, 2.594413457162536e-16], "r": [90.0, 0.0, -0.003165653866080849], "s": [1.0, 1.0, 1.0000000000000002], "shape": "box", "axis": "xy", "length": 1.6604102849960327, "side": 2.0091261863708496, "parent": "backLeg_L0_tibia_twist_02_jnt", "worldMatrix": [[-8.847941732938903e-16, -0.910521120995629, -0.4134625596361326, 0.0], [-0.9999999999999997, 5.581280440899611e-16, 9.441710133670786e-16, 0.0], [-6.044463982149818e-16, 0.4134625596361328, -0.9105211209956292, 0.0], [1.0737862765302792, 8.501676263721935, -3.6093466015419677, 1.0]]}, "backLeg_L0_tibia_twist_03_jnt_00_proxy": {"t": [0.8370192627109336, 0.0006140098887339462, 4.440892098500626e-16], "r": [90.0, 0.0, 0.042030297820636005], "s": [1.0, 1.0, 1.0000000000000002], "shape": "box", "axis": "xy", "length": 1.6740390062332153, "side": 1.5391261577606201, "parent": "backLeg_L0_tibia_twist_03_jnt", "worldMatrix": [[-8.844473712965871e-16, -0.9108113147008843, -0.4128229027232458, 0.0], [-1.0, 6.040260241429167e-16, 8.43080326005993e-16, 0.0], [-4.940454582024966e-16, 0.41282290272324607, -0.9108113147008847, 0.0], [1.073786276530279, 6.915603848866712, -4.148868194016923, 1.0]]}, "backLeg_R0_cannon_jnt_00_proxy": {"t": [-0.9009590340759797, -0.0015594686663984447, 1.5936134789562573e-07], "r": [-90.00000051627406, 6.2120208622334304e-18, -179.90082691858794], "s": [0.9999999999999998, 0.9999999999999996, -1.0], "shape": "box", "axis": "xy", "length": 1.801920771598816, "side": 1.2291260957717896, "parent": "backLeg_R0_cannon_jnt", "worldMatrix": [[1.2232137272080168e-16, -0.9914549661727734, -0.13044941568034873, 0.0], [0.9999999999999993, 1.1754381875485558e-09, -8.93368551912893e-09, 0.0], [-9.010681913462613e-09, 0.13044941568034876, -0.9914549661727735, 0.0], [-1.0737864358916265, 5.2599753818842006, -4.6119387642626934, 1.0]]}, "backLeg_R0_cannon_twist_01_jnt_00_proxy": {"t": [-0.9165080689859603, -8.814912765053862e-06, 1.5935996167115718e-07], "r": [-90.00000051627393, 0.0, -179.99944893305906], "s": [1.0000000000000002, 1.0000000000000002, -1.0000000000000002], "shape": "box", "axis": "xy", "length": 1.8330161571502686, "side": 0.949126124382019, "parent": "backLeg_R0_cannon_twist_01_jnt", "worldMatrix": [[1.221731320819935e-16, -0.9914730605755792, -0.13031181893018956, 0.0], [1.0, 1.1741979911354248e-09, -8.93384585690874e-09, 0.0], [-9.010679692999606e-09, 0.13031181893018956, -0.991473060575579, 0.0], [-1.0737864358902391, 1.6568667402534016, -5.085673264193123, 1.0]]}, "backLeg_R0_cannon_twist_02_jnt_00_proxy": {"t": [-0.908324956493634, -1.698415186712765e-05, 1.5936028874286023e-07], "r": [-90.00000051627393, 0.0, -179.99892866510694], "s": [0.9999999999999998, 1.0, -0.9999999999999999], "shape": "box", "axis": "xy", "length": 1.8166499137878418, "side": 0.8491261601448059, "parent": "backLeg_R0_cannon_twist_02_jnt", "worldMatrix": [[1.2217981598397907e-16, -0.991470024818258, -0.13033491430496524, 0.0], [1.0, 1.1744061107815307e-09, -8.933818613895654e-09, 0.0], [-9.010679470957845e-09, 0.13033491430496527, -0.9914700248182581, 0.0], [-1.0737864358905667, 3.4661367678103496, -4.847854975267364, 1.0]]}, "backLeg_R0_foot_jnt_00_proxy": {"t": [-0.14703446990386598, -0.00730608177000569, 1.5930716679157797e-07], "r": [0.0, 0.0, -172.17847176486237], "s": [0.9999999999999999, 0.9999999999999996, -1.0], "shape": "box", "axis": "xy", "length": 0.26100000739097595, "side": 1.1990000009536743, "parent": "backLeg_R0_foot_jnt", "worldMatrix": [[8.200454812486609e-17, -0.9999833401440169, 0.005772298884806737, 0.0], [-3.008898740044136e-16, 0.005772298884806765, 0.9999833401440166, 0.0], [1.0, -7.796640078600446e-17, 3.8092878728559503e-16, 0.0], [-1.0737864358374438, 0.6014415582920672, -5.217029804286798, 1.0]]}, "backLeg_R0_tibia_jnt_00_proxy": {"t": [-0.8224867608150328, 0.3493710014261051, 2.6283624610101697e-08], "r": [-89.99999999093035, -1.8156699040329906e-06, 179.7137972965007], "s": [1.0, 1.0000000000000002, -0.9999999999999999], "shape": "box", "axis": "xy", "length": 1.648443341255188, "side": 2.4691262245178223, "parent": "backLeg_R0_tibia_jnt", "worldMatrix": [[-3.168941775438164e-08, -0.9106810197904408, -0.4131102518619481, 0.0], [0.9999999999999999, -2.892434499996236e-08, -1.294706641176144e-08, 0.0], [1.5829550476934857e-10, 0.4131102518619483, -0.9106810197904411, 0.0], [-1.0737863028139027, 10.083042005497251, -3.090735563697596, 1.0]]}, "backLeg_R0_tibia_twist_02_jnt_00_proxy": {"t": [-0.8301960713462302, 0.16399369475864667, 7.9184930834586e-08], "r": [-89.99999999022786, -1.8156662591266436e-06, 179.99683455181398], "s": [0.9999999999999999, 0.9999999999999999, -0.9999999999999998], "shape": "box", "axis": "xy", "length": 1.6604102849960327, "side": 2.0091261863708496, "parent": "backLeg_R0_tibia_twist_02_jnt", "worldMatrix": [[-3.16893541386725e-08, -0.9105211208926158, -0.4134625598629863, 0.0], [0.9999999999999994, -2.8924345010761308e-08, -1.2947066390047108e-08, 0.0], [1.705563636865612e-10, 0.41346255986298647, -0.9105211208926162, 0.0], [-1.0737863557152094, 8.501676264852685, -3.6093466003449803, 1.0]]}, "backLeg_R0_tibia_twist_03_jnt_00_proxy": {"t": [-0.8370192627087265, -0.00061401289346108, 1.3252473962666045e-07], "r": [-89.99999999150323, -1.8156726752279204e-06, -179.95796949649932], "s": [0.9999999999999999, 0.9999999999999998, -0.9999999999999999], "shape": "box", "axis": "xy", "length": 1.6740390062332153, "side": 1.5391261577606201, "parent": "backLeg_R0_tibia_twist_03_jnt", "worldMatrix": [[-3.1689466120824376e-08, -0.9108113145980089, -0.41282290295021973, 0.0], [0.9999999999999994, -2.89243447818898e-08, -1.2947066894926736e-08, 0.0], [1.4829661422817414e-10, 0.4128229029502199, -0.9108113145980092, 0.0], [-1.0737864090550178, 6.915603849458534, -4.148868193521017, 1.0]]}, "ear_L0_ear_01_jnt_00_proxy": {"t": [0.2768678858764364, 0.0, -5.329070518200751e-15], "r": [90.0, 0.0, 0.0], "s": [1.0, 0.9999999999999998, 0.9999999999999999], "shape": "box", "axis": "xy", "length": 0.5537357926368713, "side": 0.4761207401752472, "parent": "ear_L0_ear_01_jnt", "worldMatrix": [[0.8204963539669927, 0.5716517586143435, 8.673617379884035e-19, 0.0], [-3.511997224287778e-16, 7.216449660063516e-16, -1.0, 0.0], [-0.571651758614343, 0.8204963539669929, 6.054184931159056e-16, 0.0], [1.0227799758218858, 25.072027510840506, 10.885826761518446, 1.0]]}, "ear_L0_ear_02_jnt_00_proxy": {"t": [0.2768678858764311, 3.552713678800501e-15, 3.552713678800501e-15], "r": [90.0, 0.0, 0.0], "s": [1.0000000000000007, 0.628164106032729, 1.2274030254715096], "shape": "box", "axis": "xy", "length": 0.5537357926368713, "side": 0.5961207151412964, "parent": "ear_L0_ear_02_jnt", "worldMatrix": [[0.8204963539669933, 0.5716517586143438, 8.673617379884041e-19, 0.0], [-2.2061105967841583e-16, 4.53311464944399e-16, -0.6281641060327291, 0.0], [-0.7016470980393539, 1.00707970724743, 7.43092490126865e-16, 0.0], [1.4771181576062136, 25.388571538570694, 10.885826761518445, 1.0]]}, "ear_L0_ear_03_jnt_00_proxy": {"t": [0.2768678858764275, 0.0, 3.552713678800501e-15], "r": [90.0, 0.0, 0.0], "s": [1.0000000000000007, 0.6507722114783073, 1.6236543124011402], "shape": "box", "axis": "xy", "length": 0.5537357926368713, "side": 0.37612074613571167, "parent": "ear_L0_ear_03_jnt", "worldMatrix": [[0.8204963539669933, 0.5716517586143438, 8.673617379884041e-19, 0.0], [-2.285510200355435e-16, 4.696264904301414e-16, -0.6507722114783074, 0.0], [-0.9281648430658739, 1.3322024434279207, 9.829903471550404e-16, 0.0], [1.931456339390535, 25.705115566300883, 10.885826761518446, 1.0]]}, "ear_R0_ear_01_jnt_00_proxy": {"t": [-0.2768678858764364, -7.105427357601002e-15, 1.7763568394002505e-15], "r": [-90.0, 0.0, -179.99999999999963], "s": [0.9999999999999999, 1.0, -1.0], "shape": "box", "axis": "xy", "length": 0.5537357926368713, "side": 0.4761207401752472, "parent": "ear_R0_ear_01_jnt", "worldMatrix": [[-0.820496353966994, 0.5716517586143411, -8.673617379884145e-19, 0.0], [-5.122388971405287e-18, 2.237793284010081e-16, -1.0000000000000002, 0.0], [0.5716517586143409, 0.8204963539669944, 1.7347234759768015e-18, 0.0], [-1.0227799758218892, 25.0720275108405, 10.885826761518445, 1.0]]}, "ear_R0_ear_02_jnt_00_proxy": {"t": [-0.27686788587643285, -1.0658141036401503e-14, 3.552713678800501e-15], "r": [-90.0, 0.0, -179.99999999999963], "s": [1.0000000000000004, 0.628164106032729, -1.2274030254715096], "shape": "box", "axis": "xy", "length": 0.5537357926368713, "side": 0.5961207151412964, "parent": "ear_R0_ear_02_jnt", "worldMatrix": [[-0.8204963539669943, 0.5716517586143414, -8.673617379884147e-19, 0.0], [-3.217700888974712e-18, 1.4057014177362372e-16, -0.628164106032729, 0.0], [0.701647098039351, 1.0070797072474311, 2.1292048427703793e-18, 0.0], [-1.4771181576062145, 25.388571538570698, 10.885826761518441, 1.0]]}, "ear_R0_ear_03_jnt_00_proxy": {"t": [-0.27686788587642397, -1.4210854715202004e-14, -1.7763568394002505e-15], "r": [-90.0, 0.0, -179.99999999999963], "s": [1.0000000000000004, 0.6507722114783073, -1.62365431240114], "shape": "box", "axis": "xy", "length": 0.5537357926368713, "side": 0.37612074613571167, "parent": "ear_R0_ear_03_jnt", "worldMatrix": [[-0.8204963539669943, 0.5716517586143414, -8.673617379884147e-19, 0.0], [-3.3335083989735102e-18, 1.456293684266544e-16, -0.6507722114783073, 0.0], [0.92816484306587, 1.3322024434279223, 2.8165912525932286e-18, 0.0], [-1.9314563393905386, 25.705115566300883, 10.885826761518445, 1.0]]}, "frontFoot_L0_ball_jnt_00_proxy": {"t": [0.02154763590238866, -0.4921310266436215, 5.7920676167099135e-15], "r": [89.99999999999821, -1.2722218725854065e-14, -89.63322326113156], "s": [1.0, 1.0, 1.0000000000000004], "shape": "box", "axis": "xy", "length": 0.46124741435050964, "side": 1.3566762208938599, "parent": "frontFoot_L0_ball_jnt", "worldMatrix": [[-1.8695271358544716e-15, -0.9999864151820017, 0.005212432392823816, 0.0], [-0.9999999999999998, 1.990528815307919e-15, 3.02978890260783e-14, 0.0], [-3.0491310338379786e-14, -0.005212432392823428, -0.9999864151820022, 0.0], [1.619519172642293, 0.20639525469029885, 2.3865950446727173, 1.0]]}, "frontFoot_R0_ball_jnt_00_proxy": {"t": [-0.021547656232305368, 0.4921309499227674, -2.55351295663786e-14], "r": [-89.99999999999984, 0.0, 90.36677673886851], "s": [0.9999999999999996, 0.9999999999999998, -0.9999999999999999], "shape": "box", "axis": "xy", "length": 0.46124741435050964, "side": 1.3566762208938599, "parent": "frontFoot_R0_ball_jnt", "worldMatrix": [[-4.877830763584149e-15, -0.9999864151820015, 0.005212432392823231, 0.0], [0.9999999999999999, -5.058233390699012e-15, 1.8202896127670175e-15, 0.0], [1.8454852437449345e-15, -0.00521243239282315, -0.9999864151820017, 0.0], [-1.619519172642279, 0.20639533138697175, 2.3865950650929064, 1.0]]}, "frontLeg_L0_cannon_jnt_00_proxy": {"t": [0.781000758355658, 0.0005300443867586324, 0.0], "r": [90.0, 0.0, 0.03888511160619642], "s": [1.0000000000000002, 1.0, 1.0000000000000004], "shape": "box", "axis": "xy", "length": 1.5620018243789673, "side": 0.8666762113571167, "parent": "frontLeg_L0_cannon_jnt", "worldMatrix": [[-1.846194369756659e-15, -0.9898976959311211, -0.14178346726702157, 0.0], [1.0, -1.8041124150158798e-15, -3.3306690738754706e-16, 0.0], [1.4598130802337383e-16, -0.14178346726702176, 0.9898976959311214, 0.0], [1.6195191726423028, 4.840404132665063, 2.5293886875852203, 1.0]]}, "frontLeg_L0_cannon_twist_01_jnt_00_proxy": {"t": [0.7944784721763753, 3.1000872611208763e-06, 2.220446049250313e-16], "r": [89.99999999999999, 0.0, 0.00022357045837631252], "s": [1.0000000000000002, 1.0, 1.0], "shape": "box", "axis": "xy", "length": 1.5889569520950317, "side": 0.8666762113571167, "parent": "frontLeg_L0_cannon_twist_01_jnt", "worldMatrix": [[-1.846202594585655e-15, -0.989889703195127, -0.14183925940396094, 0.0], [1.0, -1.772617791896477e-15, -5.528665782053113e-16, 0.0], [3.6792185797908867e-16, -0.14183925940396108, 0.9898897031951269, 0.0], [1.6195191726423066, 1.7219964552450642, 2.0826179799055518, 1.0]]}, "frontLeg_L0_cannon_twist_02_jnt_00_proxy": {"t": [0.7873849337036636, 5.978331290901195e-06, -2.220446049250313e-16], "r": [89.99999999999999, 0.0, 0.0004350262963382017], "s": [1.0, 1.0, 1.0000000000000002], "shape": "box", "axis": "xy", "length": 1.5747698545455933, "side": 0.8666762113571167, "parent": "frontLeg_L0_cannon_twist_02_jnt", "worldMatrix": [[-1.8462012148411057e-15, -0.9898910446227385, -0.1418298973267068, 0.0], [1.0000000000000002, -1.7726194241824966e-15, -5.528668120944552e-16, 0.0], [3.679393187861783e-16, -0.14182989732670703, 0.9898910446227389, 0.0], [1.6195191726423042, 3.2878678088352533, 2.30698094231915, 1.0]]}, "frontLeg_L0_foot_jnt_00_proxy": {"t": [0.21260461227504346, -0.3440966336704047, -8.873257541594149e-15], "r": [-90.00000000000182, -7.951386703658792e-16, -8.451648161269622], "s": [0.9999999999999998, 0.9999999999999998, 0.7557326247316565], "shape": "box", "axis": "xy", "length": 0.46124741435050964, "side": 1.3566762208938599, "parent": "frontLeg_L0_foot_jnt", "worldMatrix": [[-1.790825847235413e-15, -0.9999864151820019, 0.005212432392731892, 0.0], [-0.9999999999999997, 1.966138134237722e-15, 3.1984235527375024e-14, 0.0], [-2.43104504864436e-14, -0.003939205213395414, -0.7557223582414945, 0.0], [1.6195191726423002, 0.6762958788082352, 2.2803976300978293, 1.0]]}, "frontLeg_L0_tibia_jnt_00_proxy": {"t": [0.9277270941589116, -0.5418320619207664, 0.0], "r": [90.0, 0.0, -0.11373813762700802], "s": [1.0000000000000002, 1.0, 1.0000000000000002], "shape": "box", "axis": "xy", "length": 1.8576017618179321, "side": 1.906676173210144, "parent": "frontLeg_L0_tibia_jnt", "worldMatrix": [[-1.8212308470274014e-15, -0.999249021735361, -0.0387478071756954, 0.0], [1.0, -1.8041124150158798e-15, -3.3306690738754706e-16, 0.0], [3.359499889109334e-16, -0.038747807175695564, 0.9992490217353611, 0.0], [1.6195191726423013, 10.274586753958806, 3.3610267110023906, 1.0]]}, "frontLeg_L0_tibia_twist_02_jnt_00_proxy": {"t": [0.9355338504151274, -0.41320062769385013, -3.064729560894224e-16], "r": [89.99999999999999, 0.0, -0.0013241845828076257], "s": [1.0000000000000002, 1.0, 1.0000000000000002], "shape": "box", "axis": "xy", "length": 1.871086835861206, "side": 1.506676197052002, "parent": "frontLeg_L0_tibia_twist_02_jnt", "worldMatrix": [[-1.8211769736293363e-15, -0.9992550254219871, -0.038592669885678325, 0.0], [0.9999999999999999, -1.7912575531204398e-15, -6.658856529056921e-16, 0.0], [6.692996445581351e-16, -0.038592669885678485, 0.9992550254219871, 0.0], [1.6195191726423013, 8.41661468299634, 3.1622199554732036, 1.0]]}, "frontLeg_L0_tibia_twist_03_jnt_00_proxy": {"t": [0.9428639766275966, -0.27670932644475965, 3.450120855004083e-16], "r": [89.99999999999997, 0.0, 0.011474722147750345], "s": [0.9999999999999996, 0.9999999999999996, 0.9999999999999998], "shape": "box", "axis": "xy", "length": 1.8856171369552612, "side": 1.216676115989685, "parent": "frontLeg_L0_tibia_twist_03_jnt", "worldMatrix": [[-1.8212412594993003e-15, -0.9992478202005, -0.03877878059646823, 0.0], [0.9999999999999996, -1.7868717094163887e-15, -7.768213396252747e-16, 0.0], [7.799827464219971e-16, -0.03877878059646841, 0.9992478202005003, 0.0], [1.6195191726423022, 6.544876768478449, 2.9533725467426786, 1.0]]}, "frontLeg_R0_cannon_jnt_00_proxy": {"t": [-0.7810006794405249, -0.0005296439200703773, 5.773159728050814e-15], "r": [-89.99999999999991, 0.0, -179.96110887402793], "s": [1.0000000000000002, 1.0, -1.0000000000000004], "shape": "box", "axis": "xy", "length": 1.5620018243789673, "side": 0.8666762113571167, "parent": "frontLeg_R0_cannon_jnt", "worldMatrix": [[-5.38142240889134e-15, -0.9898976816772375, -0.14178356678413617, 0.0], [-0.9999999999999998, 5.1923377274678495e-15, 2.0718556599096057e-15, 0.0], [1.4943806462405397e-15, -0.1417835667841364, 0.9898976816772376, 0.0], [-1.619519172642302, 4.840404152390547, 2.5293891056481312, 1.0]]}, "frontLeg_R0_cannon_twist_01_jnt_00_proxy": {"t": [-0.7944783929731163, -3.0224569191883432e-06, 3.3306690738754696e-15], "r": [-89.9999999999999, 0.0, -179.9997704156677], "s": [1.0000000000000004, 1.0, -1.0], "shape": "box", "axis": "xy", "length": 1.5889569520950317, "side": 0.8666762113571167, "parent": "frontLeg_R0_cannon_twist_01_jnt", "worldMatrix": [[-5.381600487367294e-15, -0.9898896889374317, -0.14183935890773153, 0.0], [-1.0, 5.223944058869734e-15, 1.8520723963378656e-15, 0.0], [1.272032730004101e-15, -0.14183935890773167, 0.9898896889374312, 0.0], [-1.619519172642296, 1.7219965203593375, 2.082618081159729, 1.0]]}, "frontLeg_R0_cannon_twist_02_jnt_00_proxy": {"t": [-0.7873848545034425, -5.738559963219814e-06, 4.218847493575595e-15], "r": [-89.9999999999999, 0.0, -179.99955895982092], "s": [1.0, 1.0000000000000002, -1.0000000000000002], "shape": "box", "axis": "xy", "length": 1.5747698545455933, "side": 0.8666762113571167, "parent": "frontLeg_R0_cannon_twist_02_jnt", "worldMatrix": [[-5.381570606386182e-15, -0.9898910303659515, -0.14182999683083736, 0.0], [-1.0000000000000002, 5.223925595175111e-15, 1.852069750758641e-15, 0.0], [1.2720836273759277e-15, -0.14182999683083758, 0.9898910303659517, 0.0], [-1.6195191726422995, 3.287867851147244, 2.3069812027148355, 1.0]]}, "frontLeg_R0_foot_jnt_00_proxy": {"t": [-0.21260453459976247, 0.34409663087544007, 9.103828801926284e-15], "r": [90.00000000000193, 0.0, 171.54835209321192], "s": [0.9999999999999997, 0.9999999999999998, -0.7557326247316564], "shape": "box", "axis": "xy", "length": 0.46124741435050964, "side": 1.3566762208938599, "parent": "frontLeg_R0_foot_jnt", "worldMatrix": [[-4.858715106581836e-15, -0.9999864151820012, 0.005212432392928373, 0.0], [0.9999999999999998, -4.759648179199535e-15, 2.9842400905565984e-14, 0.0], [2.254698738708648e-14, -0.0039392052135439615, -0.7557223582414937, 0.0], [-1.6195191726422826, 0.676295955504832, 2.280397650519949, 1.0]]}, "frontLeg_R0_tibia_jnt_00_proxy": {"t": [-0.927727138622215, 0.5418322625798697, 4.884981308350689e-15], "r": [-89.9999999999999, 0.0, 179.88625881067614], "s": [1.0000000000000004, 1.0000000000000002, -1.0000000000000002], "shape": "box", "axis": "xy", "length": 1.8576017618179321, "side": 1.906676173210144, "parent": "frontLeg_R0_tibia_jnt", "worldMatrix": [[-5.026157252238323e-15, -0.9992490239817412, -0.038747749244811516, 0.0], [-1.0, 5.0091626239902484e-15, 2.0552365850864336e-15, 0.0], [1.811438298549414e-15, -0.03874774924481173, 0.9992490239817411, 0.0], [-1.6195191726423015, 10.27458670334256, 3.3610269148855787, 1.0]]}, "frontLeg_R0_tibia_twist_02_jnt_00_proxy": {"t": [-0.9355338681318841, 0.41320094032855703, 5.995204332975845e-15], "r": [-89.99999999999989, 0.0, 179.9986727628159], "s": [1.0, 0.9999999999999999, -0.9999999999999999], "shape": "box", "axis": "xy", "length": 1.871086835861206, "side": 1.506676197052002, "parent": "frontLeg_R0_tibia_twist_02_jnt", "worldMatrix": [[-5.025582937538868e-15, -0.9992550276602717, -0.03859261193117531, 0.0], [-0.9999999999999999, 5.0176148503202355e-15, 1.8333566998133256e-15, 0.0], [1.7011962797041018e-15, -0.038592611931175524, 0.9992550276602715, 0.0], [-1.6195191726423008, 8.416614654274744, 3.1622202744943717, 1.0]]}, "frontLeg_R0_tibia_twist_03_jnt_00_proxy": {"t": [-0.9428639674553141, 0.2767097519633155, 5.10702591327572e-15], "r": [-89.99999999999987, 0.0, -179.98852833045996], "s": [0.9999999999999993, 0.9999999999999996, -0.9999999999999994], "shape": "box", "axis": "xy", "length": 1.8856171369552612, "side": 1.216676115989685, "parent": "frontLeg_R0_tibia_twist_03_jnt", "worldMatrix": [[-5.026285453462527e-15, -0.9992478224495849, -0.03877872264221953, 0.0], [-0.9999999999999996, 5.026641807354385e-15, 1.611495182008258e-15, 0.0], [1.3671932926651285e-15, -0.03877872264221975, 0.999247822449585, 0.0], [-1.6195191726423024, 6.544876761301654, 2.9533729817146233, 1.0]]}, "horn_L0_horn_01_jnt_00_proxy": {"t": [0.23439527966779394, -7.105427357601002e-15, -1.7763568394002505e-15], "r": [89.99999999999999, 0.0, 0.0], "s": [0.9999999999999994, 0.9999999999999999, 0.9999999999999997], "shape": "box", "axis": "xy", "length": 0.46879056096076965, "side": 0.26063716411590576, "parent": "horn_L0_horn_01_jnt", "worldMatrix": [[0.20406069901456675, 0.9634891998410765, -0.17334299209165666, 0.0], [-0.9782991654110659, 0.20719735267616704, 8.295234739756535e-16, 0.0], [0.0359162090663577, 0.16958130449312434, 0.9848615167081676, 0.0], [0.7251882289845722, 25.76889659741159, 11.46030882895513, 1.0]]}, "horn_L0_horn_02_jnt_00_proxy": {"t": [0.23439527966778329, 1.7763568394002505e-15, -2.6645352591003757e-15], "r": [89.99999999999999, 0.0, 0.0], "s": [0.9999999999999997, 1.0000000000000002, 0.9999999999999998], "shape": "box", "axis": "xy", "length": 0.46879056096076965, "side": 0.270637184381485, "parent": "horn_L0_horn_02_jnt", "worldMatrix": [[0.2040606990145668, 0.9634891998410767, -0.17334299209165668, 0.0], [-0.9782991654110663, 0.20719735267616712, 8.295234739756538e-16, 0.0], [0.03591620906635771, 0.16958130449312436, 0.9848615167081677, 0.0], [0.8208499582140173, 26.22057123831886, 11.37904727073557, 1.0]]}, "horn_L0_horn_03_jnt_00_proxy": {"t": [0.23439527966777973, 3.552713678800501e-15, -2.6645352591003757e-15], "r": [89.99999999999999, 0.0, 0.0], "s": [0.9999999999999997, 1.0000000000000002, 0.9999999999999998], "shape": "box", "axis": "xy", "length": 0.46879056096076965, "side": 0.540637195110321, "parent": "horn_L0_horn_03_jnt", "worldMatrix": [[0.20406069901456678, 0.9634891998410766, -0.17334299209165666, 0.0], [-0.9782991654110662, 0.2071973526761671, 8.295234739756536e-16, 0.0], [0.0359162090663577, 0.16958130449312434, 0.9848615167081676, 0.0], [0.9165116874434707, 26.672245879226136, 11.297785712516022, 1.0]]}, "horn_R0_horn_01_jnt_00_proxy": {"t": [-0.2343952796677975, 3.552713678800501e-15, 1.7763568394002505e-15], "r": [-90.00000000000003, 0.0, -179.99999999999972], "s": [0.9999999999999991, 0.9999999999999996, -0.9999999999999997], "shape": "box", "axis": "xy", "length": 0.46879056096076965, "side": 0.26063716411590576, "parent": "horn_R0_horn_01_jnt", "worldMatrix": [[-0.20406069901456694, 0.9634891998410767, -0.17334299209165302, 0.0], [0.9782991654110652, 0.20719735267616696, 6.780592550584464e-16, 0.0], [-0.03591620906635691, 0.16958130449312106, 0.9848615167081679, 0.0], [-0.7251882289845726, 25.76889659741159, 11.460308828955124, 1.0]]}, "horn_R0_horn_02_jnt_00_proxy": {"t": [-0.23439527966778684, 7.105427357601002e-15, 7.105427357601002e-15], "r": [-90.00000000000003, 0.0, -179.99999999999972], "s": [0.9999999999999993, 1.0, -0.9999999999999998], "shape": "box", "axis": "xy", "length": 0.46879056096076965, "side": 0.270637184381485, "parent": "horn_R0_horn_02_jnt", "worldMatrix": [[-0.20406069901456714, 0.9634891998410776, -0.1733429920916532, 0.0], [0.9782991654110663, 0.20719735267616718, 6.780592550584471e-16, 0.0], [-0.03591620906635694, 0.1695813044931212, 0.9848615167081687, 0.0], [-0.820849958214026, 26.220571238318872, 11.37904727073558, 1.0]]}, "horn_R0_horn_03_jnt_00_proxy": {"t": [-0.23439527966777263, -1.7763568394002505e-15, 3.552713678800501e-15], "r": [-90.00000000000003, 0.0, -179.99999999999972], "s": [0.9999999999999993, 1.0, -0.9999999999999998], "shape": "box", "axis": "xy", "length": 0.46879056096076965, "side": 0.540637195110321, "parent": "horn_R0_horn_03_jnt", "worldMatrix": [[-0.20406069901456705, 0.9634891998410772, -0.1733429920916531, 0.0], [0.9782991654110659, 0.2071973526761671, 6.780592550584469e-16, 0.0], [-0.035916209066356924, 0.16958130449312112, 0.9848615167081682, 0.0], [-0.9165116874434718, 26.67224587922615, 11.297785712516017, 1.0]]}, "mouth_C0_jaw_jnt_00_proxy": {"t": [-1.785818989512119e-17, -1.0498307714144381, 1.3869514620408463], "r": [90.0, -60.393655606756575, -90.0], "s": [0.9999999999999998, 0.5051951666646177, 1.0000000000000004], "shape": "box", "axis": "xy", "length": 3.4490556716918945, "side": 1.0347167253494263, "parent": "mouth_C0_jaw_jnt", "worldMatrix": [[5.229553557546619e-17, -0.49403814320861766, 0.8694402297196637, 0.0], [4.328179995255514e-16, 0.4392370017581491, 0.24958568209695584, 0.0], [-1.0000000000000002, 7.251144129583059e-16, 4.631711680858078e-16, 0.0], [-1.2262996995117167e-16, 23.721101203250097, 12.792961047802379, 1.0]]}, "neck_C0_head_jnt_00_proxy": {"t": [-2.316200996140131e-16, -0.363081275260475, 1.5549234259705713], "r": [90.0, -59.86719769894093, -90.0], "s": [1.1467713955748182, 0.6174314648838856, 1.3870721233035634], "shape": "box", "axis": "xy", "length": 3.4490556716918945, "side": 1.0347167253494263, "parent": "neck_C0_head_jnt", "worldMatrix": [[5.997102431421001e-17, -0.5665488109545382, 0.9970491856045093, 0.0], [5.289746797054825e-16, 0.5368197546647939, 0.3050346944698114, 0.0], [-1.3870721233035628, 1.0057859884200935e-15, 6.424518155697727e-16, 0.0], [1.0047438279434995e-15, 24.24228571004809, 13.089111395124801, 1.0]]}, "neck_C0_neck_01_jnt_00_proxy": {"t": [-2.4463567958813415e-16, 0.8619997013427306, 0.47413823238877917], "r": [90.0, 0.0, 90.00000000000001], "s": [1.0, 1.141017894620484, 0.8328515596772851], "shape": "box", "axis": "xy", "length": 1.7239993810653687, "side": 4.049999713897705, "parent": "neck_C0_neck_01_jnt", "worldMatrix": [[-1.6702729672202263e-16, 0.584191795924765, 0.8116156390645741, 0.0], [1.123269737295407e-17, -0.9260679677265191, 0.666573293040635, 0.0], [0.8328515596772849, 8.744677112302687e-17, 1.083745872965712e-16, 0.0], [-1.9254314466408374e-16, 16.738442544189937, 4.496403431822196, 1.0]]}, "neck_C0_neck_02_jnt_00_proxy": {"t": [-9.43255890062389e-18, 0.8629754918703313, 0.3246941723075566], "r": [90.0, -4.162152231228097, 90.0], "s": [1.0000000000000002, 1.0000000000000002, 0.6083443286314765], "shape": "box", "axis": "xy", "length": 1.7259509563446045, "side": 3.740000009536743, "parent": "neck_C0_neck_02_jnt", "worldMatrix": [[0.0004268780443404277, 0.6071955350992805, 0.7945523267416904, 0.0], [0.005866021060102357, -0.7945402491242971, 0.6071831538493329, 0.0], [0.6083338064868028, 0.0026777294752020533, -0.0023731473229688096, 0.0], [0.0019096994206647796, 17.956219060312065, 5.780221936823424, 1.0]]}, "neck_C0_neck_03_jnt_00_proxy": {"t": [3.7079714299004276e-17, 0.8634154283131746, 0.3415403764840508], "r": [90.0, -3.762007128418304, 90.0], "s": [1.0, 0.9999999999999999, 0.5407704258255885], "shape": "box", "axis": "xy", "length": 1.7268308401107788, "side": 3.2100000381469727, "parent": "neck_C0_neck_03_jnt", "worldMatrix": [[0.0005877350041212873, 0.6741522394904819, 0.7385921828435043, 0.0], [0.008938401171364746, -0.7385663464889834, 0.6741215445440197, 0.0], [0.540748729559751, 0.003355820314291417, -0.0034933361020289674, 0.0], [0.003059417348450321, 19.1576503307108, 7.055152128203477, 1.0]]}, "neck_C0_neck_04_jnt_00_proxy": {"t": [8.633341970966698e-18, 0.8631198148282065, 0.21723960368210526], "r": [90.0, -3.314046151262782, 90.0], "s": [1.0000000000000004, 1.1691092774962997, 0.5758508938140605], "shape": "box", "axis": "xy", "length": 1.7262396812438965, "side": 2.5799999237060547, "parent": "neck_C0_neck_04_jnt", "worldMatrix": [[0.0006425058882945388, 0.7267972233755426, 0.6868517913493316, 0.0], [0.012972139135036377, -0.8029615921496214, 0.8496475197790709, 0.0], [0.5758153257503003, 0.0041197484625307935, -0.00489798020957163, 0.0], [0.0024144731637344456, 20.537615975451352, 8.128827920073203, 1.0]]}, "neck_C0_neck_05_jnt_00_proxy": {"t": [-1.0805456793616254e-16, 0.862838860341902, 0.15191986138004632], "r": [90.0, 0.0, 90.0], "s": [1.0000000000000004, 1.1002640045537984, 0.5421870280796675], "shape": "box", "axis": "xy", "length": 1.725677728652954, "side": 2.5799999237060547, "parent": "neck_C0_neck_05_jnt", "worldMatrix": [[3.9855271860567163e-16, 0.8057893217633941, 0.5922023040584105, 0.0], [0.014530068400936968, -0.6515220590643153, 0.8865036736424843, 0.0], [0.5421397478507435, 0.004240235416812191, -0.005769542599235536, 0.0], [0.0020062511980559134, 21.94328261139371, 9.151549962697013, 1.0]]}, "neck_C0_neck_06_jnt_00_proxy": {"t": [-0.005051309434231141, 1.32234734891205, 0.3308611904719907], "r": [90.0, -14.047332639269694, 90.21886632442474], "s": [1.0000000000000004, 1.0000000000000004, 0.5098239757932097], "shape": "box", "axis": "xy", "length": 2.726240634918213, "side": 2.5799999237060547, "parent": "neck_C0_neck_06_jnt", "worldMatrix": [[7.402932433731024e-16, 0.6831957769046226, 0.7302352568999184, 0.0], [0.015735952244333728, -0.7301448408047218, 0.6831111851325615, 0.0], [0.509760850529545, 0.005858360351295892, -0.005480983030842429, 0.0], [2.2581862534273825e-15, 23.659786480992796, 10.535518953284983, 1.0]]}, "spine_C0_pelvis_jnt_00_proxy": {"t": [0.0, -0.14867740284281758, 0.7908197739892536], "r": [90.0, -5.357826368085188, 90.0], "s": [0.9999999999999997, 0.9999999999999997, 0.9999999999999996], "shape": "box", "axis": "xy", "length": 1.7100000381469727, "side": 3.4700000286102295, "parent": "spine_C0_pelvis_jnt", "worldMatrix": [[0.0, 0.30734725949132, 0.9515974264799029, 0.0], [0.0, -0.951597426479903, 0.30734725949131997, 0.0], [0.9999999999999994, 0.0, 0.0, 0.0], [0.0, 12.467548456298646, -3.4677912499444905, 1.0]]}, "spine_C0_spine_01_jnt_00_proxy": {"t": [-1.6042697273433393e-32, 0.9840390846705923, 1.3522851666810585], "r": [90.0, -0.8075082187288539, 90.0], "s": [1.0000000000000002, 1.0000000000000004, 0.7709368762614793], "shape": "box", "axis": "xy", "length": 1.904975175857544, "side": 4.909999847412109, "parent": "spine_C0_spine_01_jnt", "worldMatrix": [[0.0, 0.38187309267297087, 0.9242147700033696, 0.0], [0.0, -0.9242147700033697, 0.38187309267297087, 0.0], [0.7709368762614793, 0.0, 0.0, 0.0], [-1.6042697273433393e-32, 12.552645512813314, -1.7296188670333261, 1.0]]}, "spine_C0_spine_02_jnt_00_proxy": {"t": [7.792703114739564e-17, 0.9556877017021161, 1.889551290697694], "r": [90.0, 4.221178068242358, 90.0], "s": [1.0, 1.0000000000000002, 0.7031449181738052], "shape": "box", "axis": "xy", "length": 1.871000051498413, "side": 5.840000152587891, "parent": "spine_C0_spine_02_jnt", "worldMatrix": [[0.0003173286036369748, 0.40025985755649884, 0.9164016290532271, 0.0], [-0.004299435440332437, -0.9163926591557902, 0.40025742853852786, 0.0], [0.7031383838730748, -0.0028597063945265708, 0.0010055631978313393, 0.0], [-0.008146101402994937, 12.733458075271146, 0.09301981198763976, 1.0]]}, "spine_C0_spine_03_jnt_00_proxy": {"t": [-6.479658007468957e-08, 0.8715945359945569, 1.7343174674576147], "r": [89.99999999999994, 5.744964543084043, 90.00000425951566], "s": [0.9999999999999997, 0.9999999999999999, 0.7119520095128945], "shape": "box", "axis": "xy", "length": 1.871000051498413, "side": 6.380000114440918, "parent": "spine_C0_spine_03_jnt", "worldMatrix": [[-0.00022855734065055434, 0.5236543150913601, 0.8519308105989241, 0.0], [0.0022710651746635823, -0.8519283640176175, 0.5236534205419058, 0.0], [0.7119501548842206, 0.0014626877673508663, -0.0007080637528585732, 0.0], [0.0039585791157631944, 13.651814201095494, 1.908010596438982, 1.0]]}, "spine_C0_spine_04_jnt_00_proxy": {"t": [-1.1013586109855999e-16, 0.8457802323415693, 1.446351000025856], "r": [89.99999999999997, 2.2577968778492203, 90.0], "s": [1.0000000000000002, 1.0000000000000004, 0.6474188895355405], "shape": "box", "axis": "xy", "length": 1.871000051498413, "side": 6.559999942779541, "parent": "spine_C0_spine_04_jnt", "worldMatrix": [[5.5069272593484296e-17, 0.579834130585815, 0.8147345463448767, 0.0], [-3.235174216099143e-16, -0.8147345463448769, 0.5798341305858153, 0.0], [0.6474188895355403, -2.1729775893698226e-16, 1.8507998760335372e-16, 0.0], [-4.626924796897918e-17, 14.914009201309574, 3.5789586322921663, 1.0]]}, "tail_C0_tail_01_jnt_00_proxy": {"t": [0.3777887360638621, 3.552713678800501e-15, 0.0], "r": [90.0, 0.0, 0.0], "s": [1.0000000000000002, 1.0, 1.0000000000000002], "shape": "box", "axis": "xy", "length": 0.7555774450302124, "side": 0.9466732740402222, "parent": "tail_C0_tail_01_jnt", "worldMatrix": [[0.0, -0.7015019330192179, -0.7126675508049326, 0.0], [-1.0, 0.0, 0.0, 0.0], [0.0, 0.7126675508049326, -0.7015019330192179, 0.0], [0.0, 12.494527314817711, -4.7265870304250415, 1.0]]}, "tail_C0_tail_02_jnt_00_proxy": {"t": [0.37778873606385943, -3.552713678800501e-15, 0.0], "r": [90.0, 0.0, 0.0], "s": [1.0, 1.0000000000000002, 1.0000000000000002], "shape": "box", "axis": "xy", "length": 0.7555774450302124, "side": 0.7966732382774353, "parent": "tail_C0_tail_02_jnt", "worldMatrix": [[0.0, -0.950254925785444, -0.31147323483808453, 0.0], [-1.0000000000000002, 0.0, 0.0, 0.0], [0.0, 0.3114732348380846, -0.9502549257854442, 0.0], [0.0, 11.87051217884509, -5.113495883384574, 1.0]]}, "tail_C0_tail_03_jnt_00_proxy": {"t": [0.37778873606386476, 1.7763568394002505e-15, 0.0], "r": [90.0, 0.0, 0.0], "s": [1.0000000000000002, 1.0000000000000002, 1.0000000000000004], "shape": "box", "axis": "xy", "length": 0.7555774450302124, "side": 0.49667325615882874, "parent": "tail_C0_tail_03_jnt", "worldMatrix": [[0.0, -0.9980610905746518, -0.06224194310059371, 0.0], [-1.0000000000000002, 0.0, 0.0, 0.0], [0.0, 0.06224194310059372, -0.998061090574652, 0.0], [0.0, 11.134460333571422, -5.254681268105903, 1.0]]}, "tail_C0_tail_04_jnt_00_proxy