{
    "components_dict": {
        "abdomen_C0": {
            "apos": [
                [
                    0.0,
                    3.4864426385140517,
                    1.5721978806343047
                ],
                [
                    0.0,
                    2.9775557227170895,
                    0.7113645013264062
                ],
                [
                    0.0,
                    2.4686688069201277,
                    -0.1494688779814921
                ],
                [
                    0.0,
                    1.9597818911231661,
                    -1.0103022572893905
                ],
                [
                    0.0,
                    1.4508949753262042,
                    -1.8711356365972889
                ],
                [
                    0.0,
                    0.9420080595292423,
                    -2.7319690159051873
                ],
                [
                    0.0,
                    0.43312114373228094,
                    -3.592802395213085
                ],
                [
                    0.0,
                    -0.0757657720646806,
                    -4.4536357745209845
                ]
            ],
            "atra": [
                [
                    [
                        1.0,
                        0.0,
                        0.0,
                        0.0
                    ],
                    [
                        0.0,
                        0.8608333793078982,
                        -0.5088869157969618,
                        0.0
                    ],
                    [
                        0.0,
                        0.5088869157969618,
                        0.8608333793078982,
                        0.0
                    ],
                    [
                        0.0,
                        3.4864426385140517,
                        1.5721978806343047,
                        1.0
                    ]
                ],
                [
                    [
                        1.0,
                        0.0,
                        0.0,
                        0.0
                    ],
                    [
                        0.0,
                        0.8608333793078985,
                        -0.508886915796962,
                        0.0
                    ],
                    [
                        0.0,
                        0.508886915796962,
                        0.8608333793078985,
                        0.0
                    ],
                    [
                        0.0,
                        2.9775557227170895,
                        0.7113645013264062,
                        1.0
                    ]
                ],
                [
                    [
                        1.0,
                        0.0,
                        0.0,
                        0.0
                    ],
                    [
                        0.0,
                        0.8608333793078983,
                        -0.5088869157969619,
                        0.0
                    ],
                    [
                        0.0,
                        0.5088869157969619,
                        0.8608333793078983,
                        0.0
                    ],
                    [
                        0.0,
                        2.4686688069201277,
                        -0.1494688779814921,
                        1.0
                    ]
                ],
                [
                    [
                        1.0,
                        0.0,
                        0.0,
                        0.0
                    ],
                    [
                        0.0,
                        0.8608333793078983,
                        -0.5088869157969619,
                        0.0
                    ],
                    [
                        0.0,
                        0.5088869157969619,
                        0.8608333793078983,
                        0.0
                    ],
                    [
                        0.0,
                        1.9597818911231661,
                        -1.0103022572893905,
                        1.0
                    ]
                ],
                [
                    [
                        1.0,
                        0.0,
                        0.0,
                        0.0
                    ],
                    [
                        0.0,
                        0.8608333793078983,
                        -0.5088869157969619,
                        0.0
                    ],
                    [
                        0.0,
                        0.5088869157969619,
                        0.8608333793078983,
                        0.0
                    ],
                    [
                        0.0,
                        1.4508949753262042,
                        -1.8711356365972889,
                        1.0
                    ]
                ],
                [
                    [
                        1.0,
                        0.0,
                        0.0,
                        0.0
                    ],
                    [
                        0.0,
                        0.8608333793078983,
                        -0.5088869157969619,
                        0.0
                    ],
                    [
                        0.0,
                        0.5088869157969619,
                        0.8608333793078983,
                        0.0
                    ],
                    [
                        0.0,
                        0.9420080595292423,
                        -2.7319690159051873,
                        1.0
                    ]
                ],
                [
                    [
                        1.0,
                        0.0,
                        0.0,
                        0.0
                    ],
                    [
                        0.0,
                        0.8608333793078983,
                        -0.5088869157969619,
                        0.0
                    ],
                    [
                        0.0,
                        0.5088869157969619,
                        0.8608333793078983,
                        0.0
                    ],
                    [
                        0.0,
                        0.43312114373228094,
                        -3.592802395213085,
                        1.0
                    ]
                ],
                [
                    [
                        1.0,
                        0.0,
                        0.0,
                        0.0
                    ],
                    [
                        0.0,
                        0.8608333793078983,
                        -0.5088869157969619,
                        0.0
                    ],
                    [
                        0.0,
                        0.5088869157969619,
                        0.8608333793078983,
                        0.0
                    ],
                    [
                        0.0,
                        -0.0757657720646806,
                        -4.4536357745209845,
                        1.0
                    ]
                ]
            ],
            "blade": {
                "blade": [
                    [
                        7.771561172376096e-16,
                        -0.5088869157969618,
                        -0.8608333793078982,
                        0.0
                    ],
                    [
                        0.0,
                        0.8608333793078982,
                        -0.5088869157969618,
                        0.0
                    ],
                    [
                        1.0,
                        3.9548457959378917e-16,
                        6.690019266514565e-16,
                        0.0
                    ],
                    [
                        0.0,
                        3.486442638514052,
                        1.5721978806343044,
                        1.0
                    ]
                ]
            },
            "child_components": [
                "backLeg_L0",
                "backLeg_R0"
            ],
            "param_values": {
                "Override_Color": false,
                "RGB_fk": [
                    0.0,
                    0.0,
                    1.0
                ],
                "RGB_ik": [
                    0.0,
                    0.25,
                    1.0
                ],
                "Use_RGB_Color": false,
                "addJoints": true,
                "color_fk": 6,
                "color_ik": 18,
                "comp_index": 0,
                "comp_name": "abdomen",
                "comp_side": "C",
                "comp_type": "EPIC_chain_01",
                "connector": "standard",
                "ctlGrp": "",
                "descriptionName": true,
                "joint_names": "",
                "joint_rot_offset_x": 0.0,
                "joint_rot_offset_y": 0.0,
                "joint_rot_offset_z": 0.0,
                "neutralpose": true,
                "overrideNegate": false,
                "parentJointIndex": -1,
                "ui_host": "spineUI_C0_root",
                "useIndex": false
            },
            "parent_fullName": "spine_C0",
            "parent_localName": "root",
            "pos": {
                "0_loc": [
                    0.0,
                    2.9775557227170895,
                    0.7113645013264062
                ],
                "1_loc": [
                    0.0,
                    2.4686688069201277,
                    -0.1494688779814921
                ],
                "2_loc": [
                    0.0,
                    1.9597818911231661,
                    -1.0103022572893905
                ],
                "3_loc": [
                    0.0,
                    1.4508949753262042,
                    -1.8711356365972889
                ],
                "4_loc": [
                    0.0,
                    0.9420080595292423,
                    -2.7319690159051873
                ],
                "5_loc": [
                    0.0,
                    0.43312114373228094,
                    -3.592802395213085
                ],
                "6_loc": [
                    0.0,
                    -0.0757657720646806,
                    -4.4536357745209845
                ],
                "root": [
                    0.0,
                    3.4864426385140517,
                    1.5721978806343047
                ]
            },
            "tra": {
                "0_loc": [
                    [
                        1.0,
                        0.0,
                        0.0,
                        0.0
                    ],
                    [
                        0.0,
                        0.8608333793078985,
                        -0.508886915796962,
                        0.0
                    ],
                    [
                        0.0,
                        0.508886915796962,
                        0.8608333793078985,
                        0.0
                    ],
                    [
                        0.0,
                        2.9775557227170895,
                        0.7113645013264062,
                        1.0
                    ]
                ],
                "1_loc": [
                    [
                        1.0,
                        0.0,
                        0.0,
                        0.0
                    ],
                    [
                        0.0,
                        0.8608333793078983,
                        -0.5088869157969619,
                        0.0
                    ],
                    [
                        0.0,
                        0.5088869157969619,
                        0.8608333793078983,
                        0.0
                    ],
                    [
                        0.0,
                        2.4686688069201277,
                        -0.1494688779814921,
                        1.0
                    ]
                ],
                "2_loc": [
                    [
                        1.0,
                        0.0,
                        0.0,
                        0.0
                    ],
                    [
                        0.0,
                        0.8608333793078983,
                        -0.5088869157969619,
                        0.0
                    ],
                    [
                        0.0,
                        0.5088869157969619,
                        0.8608333793078983,
                        0.0
                    ],
                    [
                        0.0,
                        1.9597818911231661,
                        -1.0103022572893905,
                        1.0
                    ]
                ],
                "3_loc": [
                    [
                        1.0,
                        0.0,
                        0.0,
                        0.0
                    ],
                    [
                        0.0,
                        0.8608333793078983,
                        -0.5088869157969619,
                        0.0
                    ],
                    [
                        0.0,
                        0.5088869157969619,
                        0.8608333793078983,
                        0.0
                    ],
                    [
                        0.0,
                        1.4508949753262042,
                        -1.8711356365972889,
                        1.0
                    ]
                ],
                "4_loc": [
                    [
                        1.0,
                        0.0,
                        0.0,
                        0.0
                    ],
                    [
                        0.0,
                        0.8608333793078983,
                        -0.5088869157969619,
                        0.0
                    ],
                    [
                        0.0,
                        0.5088869157969619,
                        0.8608333793078983,
                        0.0
                    ],
                    [
                        0.0,
                        0.9420080595292423,
                        -2.7319690159051873,
                        1.0
                    ]
                ],
                "5_loc": [
                    [
                        1.0,
                        0.0,
                        0.0,
                        0.0
                    ],
                    [
                        0.0,
                        0.8608333793078983,
                        -0.5088869157969619,
                        0.0
                    ],
                    [
                        0.0,
                        0.5088869157969619,
                        0.8608333793078983,
                        0.0
                    ],
                    [
                        0.0,
                        0.43312114373228094,
                        -3.592802395213085,
                        1.0
                    ]
                ],
                "6_loc": [
                    [
                        1.0,
                        0.0,
                        0.0,
                        0.0
                    ],
                    [
                        0.0,
                        0.8608333793078983,
                        -0.5088869157969619,
                        0.0
                    ],
                    [
                        0.0,
                        0.5088869157969619,
                        0.8608333793078983,
                        0.0
                    ],
                    [
                        0.0,
                        -0.0757657720646806,
                        -4.4536357745209845,
                        1.0
                    ]
                ],
                "root": [
                    [
                        1.0,
                        0.0,
                        0.0,
                        0.0
                    ],
                    [
                        0.0,
                        0.8608333793078982,
                        -0.5088869157969618,
                        0.0
                    ],
                    [
                        0.0,
                        0.5088869157969618,
                        0.8608333793078982,
                        0.0
                    ],
                    [
                        0.0,
                        3.4864426385140517,
                        1.5721978806343047,
                        1.0
                    ]
                ]
            }
        },
        "antenna_L0": {
            "apos": [
                [
                    0.15564740644386274,
                    7.2571574778842765,
                    5.716950683727843
                ],
                [
                    0.38012383926066007,
                    7.456976708278307,
                    5.643249194147597
                ],
                [
                    0.5943558567265235,
                    7.623605017570895,
                    5.492163652733147
                ],
                [
                    0.7932847321427909,
                    7.762539964202935,
                    5.298901531554253
                ],
                [
                    0.9698845818538044,
                    7.867343563692167,
                    5.0651529097391546
                ],
                [
                    1.1418994944006124,
                    7.966128792997577,
                    4.826411884803462
                ],
                [
                    1.287978815732722,
                    8.03086993766757,
                    4.559430358007545
                ],
                [
                    1.43274735193197,
                    8.094006127481958,
                    4.291409442966924
                ],
                [
                    1.5693745881521852,
                    8.147191383882287,
                    4.0169914379308524
                ],
                [
                    1.7009018887568121,
                    8.194273123601478,
                    3.7390022754763854
                ],
                [
                    1.8268299239882768,
                    8.234737744588516,
                    3.4573740382993803
                ]
            ],
            "atra": [
                [
                    [
                        0.6875486377097716,
                        -0.6958750082399741,
                        0.20744841211841833,
                        0.0
                    ],
                    [
                        0.7261383275818991,
                        0.6588936236501054,
                        -0.1964238323875087,
                        0.0
                    ],
                    [
                        1.981748098955905e-14,
                        0.285687181406953,
                        0.9583229280257,
                        0.0
                    ],
                    [
                        0.15564740644386274,
                        7.2571574778842765,
                        5.716950683727843,
                        1.0
                    ]
                ],
                [
                    [
                        0.6875486377097717,
                        -0.6958750082399742,
                        0.20744841211841838,
                        0.0
                    ],
                    [
                        0.6949852217874306,
                        0.5478430847444048,
                        -0.46568604874401276,
                        0.0
                    ],
                    [
                        0.210410104986698,
                        0.46435538911996155,
                        0.860291613532723,
                        0.0
                    ],
                    [
                        0.38012383926066007,
                        7.456976708278307,
                        5.643249194147597,
                        1.0
                    ]
                ],
                [
                    [
                        0.6875486377097716,
                        -0.6958750082399741,
                        0.20744841211841836,
                        0.0
                    ],
                    [
                        0.6520361909751005,
                        0.4659237972981274,
                        -0.5981336144792198,
                        0.0
                    ],
                    [
                        0.3195710819866522,
                        0.5465098242651356,
                        0.7740809618764506,
                        0.0
                    ],
                    [
                        0.5943558567265235,
                        7.623605017570895,
                        5.492163652733147,
                        1.0
                    ]
                ],
                [
                    [
                        0.6875486377097716,
                        -0.6958750082399741,
                        0.20744841211841836,
                        0.0
                    ],
                    [
                        0.5675849203600691,
                        0.33683461660292574,
                        -0.751258809757206,
                        0.0
                    ],
                    [
                        0.4529064240693558,
                        0.6342715616870868,
                        0.6265583429112831,
                        0.0
                    ],
                    [
                        0.7932847321427909,
                        7.762539964202935,
                        5.298901531554253,
                        1.0
                    ]
                ],
                [
                    [
                        0.6875486377097716,
                        -0.6958750082399741,
                        0.20744841211841836,
                        0.0
                    ],
                    [
                        0.5675849203600691,
                        0.33683461660292574,
                        -0.751258809757206,
                        0.0
                    ],
                    [
                        0.4529064240693559,
                        0.6342715616870869,
                        0.6265583429112832,
                        0.0
                    ],
                    [
                        0.9698845818538044,
                        7.867343563692167,
                        5.0651529097391546,
                        1.0
                    ]
                ],
                [
                    [
                        0.6875486377097717,
                        -0.6958750082399742,
                        0.2074484121184184,
                        0.0
                    ],
                    [
                        0.4694931513260989,
                        0.20807547402599388,
                        -0.8580680497295926,
                        0.0
                    ],
                    [
                        0.5539431844885593,
                        0.6873591273969336,
                        0.46977055925504785,
                        0.0
                    ],
                    [
                        1.1418994944006124,
                        7.966128792997577,
                        4.826411884803462,
                        1.0
                    ]
                ],
                [
                    [
                        0.6875486377097717,
                        -0.6958750082399742,
                        0.2074484121184184,
                        0.0
                    ],
                    [
                        0.4694931513260989,
                        0.20807547402599388,
                        -0.8580680497295926,
                        0.0
                    ],
                    [
                        0.5539431844885591,
                        0.6873591273969334,
                        0.4697705592550477,
                        0.0
                    ],
                    [
                        1.287978815732722,
                        8.03086993766757,
                        4.559430358007545,
                        1.0
                    ]
                ],
                [
                    [
                        0.6875486377097717,
                        -0.6958750082399742,
                        0.2074484121184184,
                        0.0
                    ],
                    [
                        0.44144975009703663,
                        0.17373850159485701,
                        -0.8803050898426281,
                        0.0
                    ],
                    [
                        0.5765405353682438,
                        0.69683061497798,
                        0.426647518575591,
                        0.0
                    ],
                    [
                        1.43274735193197,
                        8.094006127481958,
                        4.291409442966924,
                        1.0
                    ]
                ],
                [
                    [
                        0.6875486377097717,
                        -0.6958750082399742,
                        0.2074484121184184,
                        0.0
                    ],
                    [
                        0.4259048638574924,
                        0.1550784897917767,
                        -0.8913785441362344,
                        0.0
                    ],
                    [
                        0.5881172652847119,
                        0.7012193914253353,
                        0.4030005550407024,
                        0.0
                    ],
                    [
                        1.5693745881521852,
                        8.147191383882287,
                        4.0169914379308524,
                        1.0
                    ]
                ],
                [
                    [
                        0.6875486377097717,
                        -0.6958750082399742,
                        0.2074484121184184,
                        0.0
                    ],
                    [
                        0.4047277161612048,
                        0.13005168870704809,
                        -0.9051419966145533,
                        0.0
                    ],
                    [
                        0.602886678036903,
                        0.7062892687641946,
                        0.3710567642210105,
                        0.0
                    ],
                    [
                        1.7009018887568121,
                        8.194273123601478,
                        3.7390022754763854,
                        1.0
                    ]
                ],
                [
                    [
                        0.6875486377097717,
                        -0.6958750082399742,
                        0.2074484121184184,
                        0.0
                    ],
                    [
                        0.4047277161612048,
                        0.13005168870704809,
                        -0.9051419966145533,
                        0.0
                    ],
                    [
                        0.602886678036903,
                        0.7062892687641946,
                        0.3710567642210105,
                        0.0
                    ],
                    [
                        1.8268299239882768,
                        8.234737744588516,
                        3.4573740382993803,
                        1.0
                    ]
                ]
            ],
            "blade": {
                "blade": [
                    [
                        0.7254424096781888,
                        0.6457575175180719,
                        -0.23818173483539912,
                        0.0
                    ],
                    [
                        0.031783345068452665,
                        0.3142534032846153,
                        0.9488069442728047,
                        0.0
                    ],
                    [
                        0.6875486377097717,
                        -0.6958750082399383,
                        0.20744841211853862,
                        0.0
                    ],
                    [
                        0.15564740644386332,
                        7.257157477884275,
                        5.716950683727845,
                        1.0
                    ]
                ]
            },
            "child_components": [],
            "param_values": {
                "Override_Color": false,
                "RGB_fk": [
                    0.0,
                    0.0,
                    1.0
                ],
                "RGB_ik": [
                    0.0,
                    0.25,
                    1.0
                ],
                "Use_RGB_Color": false,
                "addJoints": true,
                "color_fk": 6,
                "color_ik": 18,
                "comp_index": 0,
                "comp_name": "antenna",
                "comp_side": "L",
                "comp_type": "EPIC_chain_01",
                "connector": "standard",
                "ctlGrp": "",
                "descriptionName": true,
                "joint_names": "",
                "joint_rot_offset_x": 0.0,
                "joint_rot_offset_y": 0.0,
                "joint_rot_offset_z": 0.0,
                "neutralpose": true,
                "overrideNegate": false,
                "parentJointIndex": -1,
                "ui_host": "spineUI_C0_root",
                "useIndex": false
            },
            "parent_fullName": "neck_C0",
            "parent_localName": "head",
            "pos": {
                "0_loc": [
                    0.38012383926066007,
                    7.456976708278307,
                    5.643249194147597
                ],
                "1_loc": [
                    0.5943558567265235,
                    7.623605017570895,
                    5.492163652733147
                ],
                "2_loc": [
                    0.7932847321427909,
                    7.762539964202935,
                    5.298901531554253
                ],
                "3_loc": [
                    0.9698845818538044,
                    7.867343563692167,
                    5.0651529097391546
                ],
                "4_loc": [
                    1.1418994944006124,
                    7.966128792997577,
                    4.826411884803462
                ],
                "5_loc": [
                    1.287978815732722,
                    8.03086993766757,
                    4.559430358007545
                ],
                "6_loc": [
                    1.43274735193197,
                    8.094006127481958,
                    4.291409442966924
                ],
                "7_loc": [
                    1.5693745881521852,
                    8.147191383882287,
                    4.0169914379308524
                ],
                "8_loc": [
                    1.7009018887568121,
                    8.194273123601478,
                    3.7390022754763854
                ],
                "9_loc": [
                    1.8268299239882768,
                    8.234737744588516,
                    3.4573740382993803
                ],
                "root": [
                    0.15564740644386274,
                    7.2571574778842765,
                    5.716950683727843
                ]
            },
            "tra": {
                "0_loc": [
                    [
                        0.6875486377097717,
                        -0.6958750082399742,
                        0.20744841211841838,
                        0.0
                    ],
                    [
                        0.6949852217874306,
                        0.5478430847444048,
                        -0.46568604874401276,
                        0.0
                    ],
                    [
                        0.210410104986698,
                        0.46435538911996155,
                        0.860291613532723,
                        0.0
                    ],
                    [
                        0.38012383926066007,
                        7.456976708278307,
                        5.643249194147597,
                        1.0
                    ]
                ],
                "1_loc": [
                    [
                        0.6875486377097716,
                        -0.6958750082399741,
                        0.20744841211841836,
                        0.0
                    ],
                    [
                        0.6520361909751005,
                        0.4659237972981274,
                        -0.5981336144792198,
                        0.0
                    ],
                    [
                        0.3195710819866522,
                        0.5465098242651356,
                        0.7740809618764506,
                        0.0
                    ],
                    [
                        0.5943558567265235,
                        7.623605017570895,
                        5.492163652733147,
                        1.0
                    ]
                ],
                "2_loc": [
                    [
                        0.6875486377097716,
                        -0.6958750082399741,
                        0.20744841211841836,
                        0.0
                    ],
                    [
                        0.5675849203600691,
                        0.33683461660292574,
                        -0.751258809757206,
                        0.0
                    ],
                    [
                        0.4529064240693558,
                        0.6342715616870868,
                        0.6265583429112831,
                        0.0
                    ],
                    [
                        0.7932847321427909,
                        7.762539964202935,
                        5.298901531554253,
                        1.0
                    ]
                ],
                "3_loc": [
                    [
                        0.6875486377097716,
                        -0.6958750082399741,
                        0.20744841211841836,
                        0.0
                    ],
                    [
                        0.5675849203600691,
                        0.33683461660292574,
                        -0.751258809757206,
                        0.0
                    ],
                    [
                        0.4529064240693559,
                        0.6342715616870869,
                        0.6265583429112832,
                        0.0
                    ],
                    [
                        0.9698845818538044,
                        7.867343563692167,
                        5.0651529097391546,
                        1.0
                    ]
                ],
                "4_loc": [
                    [
                        0.6875486377097717,
                        -0.6958750082399742,
                        0.2074484121184184,
                        0.0
                    ],
                    [
                        0.4694931513260989,
                        0.20807547402599388,
                        -0.8580680497295926,
                        0.0
                    ],
                    [
                        0.5539431844885593,
                        0.6873591273969336,
                        0.46977055925504785,
                        0.0
                    ],
                    [
                        1.1418994944006124,
                        7.966128792997577,
                        4.826411884803462,
                        1.0
                    ]
                ],
                "5_loc": [
                    [
                        0.6875486377097717,
                        -0.6958750082399742,
                        0.2074484121184184,
                        0.0
                    ],
                    [
                        0.4694931513260989,
                        0.20807547402599388,
                        -0.8580680497295926,
                        0.0
                    ],
                    [
                        0.5539431844885591,
                        0.6873591273969334,
                        0.4697705592550477,
                        0.0
                    ],
                    [
                        1.287978815732722,
                        8.03086993766757,
                        4.559430358007545,
                        1.0
                    ]
                ],
                "6_loc": [
                    [
                        0.6875486377097717,
                        -0.6958750082399742,
                        0.2074484121184184,
                        0.0
                    ],
                    [
                        0.44144975009703663,
                        0.17373850159485701,
                        -0.8803050898426281,
                        0.0
                    ],
                    [
                        0.5765405353682438,
                        0.69683061497798,
                        0.426647518575591,
                        0.0
                    ],
                    [
                        1.43274735193197,
                        8.094006127481958,
                        4.291409442966924,
                        1.0
                    ]
                ],
                "7_loc": [
                    [
                        0.6875486377097717,
                        -0.6958750082399742,
                        0.2074484121184184,
                        0.0
                    ],
                    [
                        0.4259048638574924,
                        0.1550784897917767,
                        -0.8913785441362344,
                        0.0
                    ],
                    [
                        0.5881172652847119,
                        0.7012193914253353,
                        0.4030005550407024,
                        0.0
                    ],
                    [
                        1.5693745881521852,
                        8.147191383882287,
                        4.0169914379308524,
                        1.0
                    ]
                ],
                "8_loc": [
                    [
                        0.6875486377097717,
                        -0.6958750082399742,
                        0.2074484121184184,
                        0.0
                    ],
                    [
                        0.4047277161612048,
                        0.13005168870704809,
                        -0.9051419966145533,
                        0.0
                    ],
                    [
                        0.602886678036903,
                        0.7062892687641946,
                        0.3710567642210105,
                        0.0
                    ],
                    [
                        1.7009018887568121,
                        8.194273123601478,
                        3.7390022754763854,
                        1.0
