{"proxy_order": ["abdomen_C0_abdomen_01_jnt_00_proxy", "abdomen_C0_abdomen_02_jnt_00_proxy", "abdomen_C0_abdomen_03_jnt_00_proxy", "abdomen_C0_abdomen_04_jnt_00_proxy", "abdomen_C0_abdomen_05_jnt_00_proxy", "abdomen_C0_abdomen_06_jnt_00_proxy", "abdomen_C0_abdomen_07_jnt_00_proxy", "antenna_L0_antenna_01_jnt_00_proxy", "antenna_L0_antenna_02_jnt_00_proxy", "antenna_L0_antenna_03_jnt_00_proxy", "antenna_L0_antenna_04_jnt_00_proxy", "antenna_L0_antenna_05_jnt_00_proxy", "antenna_L0_antenna_06_jnt_00_proxy", "antenna_L0_antenna_07_jnt_00_proxy", "antenna_L0_antenna_08_jnt_00_proxy", "antenna_L0_antenna_09_jnt_00_proxy", "antenna_L0_antenna_10_jnt_00_proxy", "arm_L0_arm_01_jnt_00_proxy", "arm_L0_arm_02_jnt_00_proxy", "arm_L0_arm_03_jnt_00_proxy", "arm_R0_arm_01_jnt_00_proxy", "arm_R0_arm_02_jnt_00_proxy", "arm_R0_arm_03_jnt_00_proxy", "backClaw_L0_backClaw_01_jnt_00_proxy", "backClaw_L0_backClaw_02_jnt_00_proxy", "backClaw_L0_backClaw_03_jnt_00_proxy", "backClaw_R0_backClaw_01_jnt_00_proxy", "backClaw_R0_backClaw_02_jnt_00_proxy", "backClaw_R0_backClaw_03_jnt_00_proxy", "backFoot_L0_ball1_jnt_00_proxy", "backFoot_L0_ball_jnt_00_proxy", "backFoot_R0_ball1_jnt_00_proxy", "backFoot_R0_ball_jnt_00_proxy", "backLeg_L0_cannon_jnt_00_proxy", "backLeg_L0_cannon_twist_01_jnt_00_proxy", "backLeg_L0_cannon_twist_02_jnt_00_proxy", "backLeg_L0_femur_jnt_00_proxy", "backLeg_L0_femur_twist_01_jnt_00_proxy", "backLeg_L0_femur_twist_02_jnt_00_proxy", "backLeg_L0_foot_jnt_00_proxy", "backLeg_L0_tibia_jnt_00_proxy", "backLeg_L0_tibia_twist_02_jnt_00_proxy", "backLeg_L0_tibia_twist_03_jnt_00_proxy", "backLeg_R0_cannon_jnt_00_proxy", "backLeg_R0_cannon_twist_01_jnt_00_proxy", "backLeg_R0_cannon_twist_02_jnt_00_proxy", "backLeg_R0_femur_jnt_00_proxy", "backLeg_R0_femur_twist_01_jnt_00_proxy", "backLeg_R0_femur_twist_02_jnt_00_proxy", "backLeg_R0_foot_jnt_00_proxy", "backLeg_R0_tibia_jnt_00_proxy", "backLeg_R0_tibia_twist_02_jnt_00_proxy", "backLeg_R0_tibia_twist_03_jnt_00_proxy", "frontClaw_L0_frontClaw_01_jnt_00_proxy", "frontClaw_L0_frontClaw_02_jnt_00_proxy", "frontClaw_L0_frontClaw_03_jnt_00_proxy", "frontClaw_L0_frontClaw_04_jnt_00_proxy", "frontClaw_L0_frontClaw_05_jnt_00_proxy", "frontClaw_R0_frontClaw_01_jnt_00_proxy", "frontClaw_R0_frontClaw_02_jnt_00_proxy", "frontClaw_R0_frontClaw_03_jnt_00_proxy", "frontClaw_R0_frontClaw_04_jnt_00_proxy", "frontClaw_R0_frontClaw_05_jnt_00_proxy", "frontFoot_L0_ball1_jnt_00_proxy", "frontFoot_L0_ball_jnt_00_proxy", "frontFoot_R0_ball1_jnt_00_proxy", "frontFoot_R0_ball_jnt_00_proxy", "frontLeg_L0_cannon_jnt_00_proxy", "frontLeg_L0_cannon_twist_01_jnt_00_proxy", "frontLeg_L0_cannon_twist_02_jnt_00_proxy", "frontLeg_L0_femur_jnt_00_proxy", "frontLeg_L0_femur_twist_01_jnt_00_proxy", "frontLeg_L0_femur_twist_02_jnt_00_proxy", "frontLeg_L0_foot_jnt_00_proxy", "frontLeg_L0_tibia_jnt_00_proxy", "frontLeg_L0_tibia_twist_02_jnt_00_proxy", "frontLeg_L0_tibia_twist_03_jnt_00_proxy", "frontLeg_R0_cannon_jnt_00_proxy", "frontLeg_R0_cannon_twist_01_jnt_00_proxy", "frontLeg_R0_cannon_twist_02_jnt_00_proxy", "frontLeg_R0_femur_jnt_00_proxy", "frontLeg_R0_femur_twist_01_jnt_00_proxy", "frontLeg_R0_femur_twist_02_jnt_00_proxy", "frontLeg_R0_foot_jnt_00_proxy", "frontLeg_R0_tibia_jnt_00_proxy", "frontLeg_R0_tibia_twist_02_jnt_00_proxy", "frontLeg_R0_tibia_twist_03_jnt_00_proxy", "neck_C0_head_jnt_00_proxy", "neck_C0_head_jnt_01_proxy", "neck_C0_head_jnt_02_proxy", "neck_C0_head_jnt_03_proxy", "neck_C0_neck_01_jnt_00_proxy", "neck_C0_neck_02_jnt_00_proxy", "spine_C0_pelvis_jnt_00_proxy", "spine_C0_spine_01_jnt_00_proxy", "spine_C0_spine_02_jnt_00_proxy", "spine_C0_spine_03_jnt_00_proxy", "spine_C0_spine_04_jnt_00_proxy", "spine_C0_spine_05_jnt_00_proxy"], "abdomen_C0_abdomen_01_jnt_00_proxy": {"t": [0.5, 0.0, 0.0], "r": [90.0, 0.0, 0.0], "s": [0.9999999999999999, 1.0, 0.9999999999999999], "shape": "box", "axis": "xy", "length": 1.0, "side": 0.9500001072883606, "parent": "abdomen_C0_abdomen_01_jnt", "worldMatrix": [[0.0, -0.508886915796962, -0.8608333793078982, 0.0], [-1.0, 0.0, 0.0, 0.0], [0.0, 0.8608333793078982, -0.508886915796962, 0.0], [0.0, 3.2319991806155715, 1.141781190980356, 1.0]]}, "abdomen_C0_abdomen_02_jnt_00_proxy": {"t": [0.5000000000000002, -4.440892098500626e-16, 0.0], "r": [90.0, 0.0, 0.0], "s": [1.0, 1.0, 1.0], "shape": "box", "axis": "xy", "length": 1.0, "side": 1.03000009059906, "parent": "abdomen_C0_abdomen_02_jnt", "worldMatrix": [[0.0, -0.5088869157969621, -0.8608333793078983, 0.0], [-1.0, 0.0, 0.0, 0.0], [0.0, 0.8608333793078983, -0.5088869157969621, 0.0], [0.0, 2.7231122648186092, 0.2809478116724565, 1.0]]}, "abdomen_C0_abdomen_03_jnt_00_proxy": {"t": [0.5, 0.0, 0.0], "r": [90.0, 0.0, 0.0], "s": [0.9999999999999999, 1.0, 0.9999999999999999], "shape": "box", "axis": "xy", "length": 1.0, "side": 1.1100001335144043, "parent": "abdomen_C0_abdomen_03_jnt", "worldMatrix": [[0.0, -0.508886915796962, -0.8608333793078982, 0.0], [-1.0, 0.0, 0.0, 0.0], [0.0, 0.8608333793078982, -0.508886915796962, 0.0], [0.0, 2.2142253490216466, -0.5798855676354417, 1.0]]}, "abdomen_C0_abdomen_04_jnt_00_proxy": {"t": [0.5, 0.0, 0.0], "r": [90.0, 0.0, 0.0], "s": [0.9999999999999999, 1.0, 0.9999999999999999], "shape": "box", "axis": "xy", "length": 1.0, "side": 1.070000171661377, "parent": "abdomen_C0_abdomen_04_jnt", "worldMatrix": [[0.0, -0.508886915796962, -0.8608333793078982, 0.0], [-1.0, 0.0, 0.0, 0.0], [0.0, 0.8608333793078982, -0.508886915796962, 0.0], [0.0, 1.7053384332246848, -1.4407189469433401, 1.0]]}, "abdomen_C0_abdomen_05_jnt_00_proxy": {"t": [0.5000000000000002, 0.0, 0.0], "r": [90.0, 0.0, 0.0], "s": [1.0, 1.0, 1.0], "shape": "box", "axis": "xy", "length": 1.0, "side": 0.9800001382827759, "parent": "abdomen_C0_abdomen_05_jnt", "worldMatrix": [[0.0, -0.5088869157969621, -0.8608333793078983, 0.0], [-1.0, 0.0, 0.0, 0.0], [0.0, 0.8608333793078983, -0.5088869157969621, 0.0], [0.0, 1.196451517427723, -2.3015523262512385, 1.0]]}, "abdomen_C0_abdomen_06_jnt_00_proxy": {"t": [0.49999999999999956, 0.0, 0.0], "r": [90.0, 0.0, 0.0], "s": [1.0, 1.0, 1.0], "shape": "box", "axis": "xy", "length": 1.0, "side": 0.8200001120567322, "parent": "abdomen_C0_abdomen_06_jnt", "worldMatrix": [[0.0, -0.5088869157969621, -0.8608333793078983, 0.0], [-1.0, 0.0, 0.0, 0.0], [0.0, 0.8608333793078983, -0.5088869157969621, 0.0], [0.0, 0.6875646016307608, -3.162385705559137, 1.0]]}, "abdomen_C0_abdomen_07_jnt_00_proxy": {"t": [0.4999999999999991, 0.0, 0.0], "r": [90.0, 0.0, 0.0], "s": [1.0, 1.0, 1.0], "shape": "box", "axis": "xy", "length": 1.0, "side": 0.5800001621246338, "parent": "abdomen_C0_abdomen_07_jnt", "worldMatrix": [[0.0, -0.5088869157969621, -0.8608333793078983, 0.0], [-1.0, 0.0, 0.0, 0.0], [0.0, 0.8608333793078983, -0.5088869157969621, 0.0], [0.0, 0.1786776858338, -4.023219084867034, 1.0]]}, "antenna_L0_antenna_01_jnt_00_proxy": {"t": [0.15471692157918993, 1.7763568394002505e-15, -8.881784197001252e-16], "r": [90.00000000000001, 0.0, 0.0], "s": [1.0000000000000002, 1.0, 0.9999999999999997], "shape": "box", "axis": "xy", "length": 0.30943384766578674, "side": 0.09283015131950378, "parent": "antenna_L0_antenna_01_jnt", "worldMatrix": [[0.7254424096781854, 0.6457575175180749, -0.23818173483540106, 0.0], [-0.6875486377097709, 0.6958750082399751, -0.20744841211841825, 0.0], [0.031783345068539914, 0.3142534032845285, 0.9488069442728303, 0.0], [0.2678856228522611, 7.357067093081294, 5.68009993893772, 1.0]]}, "antenna_L0_antenna_02_jnt_00_proxy": {"t": [0.1553119373951164, -3.552713678800501e-15, -8.881784197001252e-16], "r": [90.0, 0.0, 0.0], "s": [1.0000000000000004, 1.0000000000000002, 1.0000000000000002], "shape": "box", "axis": "xy", "length": 0.3106238842010498, "side": 0.09283015131950378, "parent": "antenna_L0_antenna_02_jnt", "worldMatrix": [[0.6896830374372788, 0.5364311078957218, -0.48639384695230115, 0.0], [-0.687548637709771, 0.6958750082399751, -0.20744841211841852, 0.0], [0.22718754071191394, 0.47749307784384076, 0.8487556668184841, 0.0], [0.48723984799359277, 7.540290862924604, 5.567706423440373, 1.0]]}, "antenna_L0_antenna_03_jnt_00_proxy": {"t": [0.1551014702965407, 3.552713678800501e-15, -8.881784197001252e-16], "r": [90.00000000000003, 0.0, 0.0], "s": [0.9999999999999998, 1.0, 0.9999999999999998], "shape": "box", "axis": "xy", "length": 0.3102029263973236, "side": 0.09283015131950378, "parent": "antenna_L0_antenna_03_jnt", "worldMatrix": [[0.6412862335731986, 0.44788404122285436, -0.6230183402175133, 0.0], [-0.6875486377097708, 0.6958750082399752, -0.20744841211841814, 0.0], [0.3406300594676563, 0.561389221952915, 0.7541971254666527, 0.0], [0.6938202944346588, 7.693072490886918, 5.395532592143699, 1.0]]}, "antenna_L0_antenna_04_jnt_00_proxy": {"t": [0.15557130164679434, -3.552713678800501e-15, -8.881784197001252e-16], "r": [90.00000000000001, 0.0, 0.0], "s": [0.9999999999999993, 0.9999999999999996, 0.9999999999999993], "shape": "box", "axis": "xy", "length": 0.31114259362220764, "side": 0.09283015131950378, "parent": "antenna_L0_antenna_04_jnt", "worldMatrix": [[0.5675849203600676, 0.3368346166029224, -0.7512588097572084, 0.0], [-0.6875486377097706, 0.6958750082399748, -0.2074484121184183, 0.0], [0.45290642406935855, 0.6342715616870876, 0.62655834291128, 0.0], [0.8815846569983, 7.814941763947556, 5.182027220646708, 1.0]]}, "antenna_L0_antenna_05_jnt_00_proxy": {"t": [0.15519739741274108, 5.329070518200751e-15, 1.3322676295501878e-15], "r": [90.0, 0.0, 0.0], "s": [0.9999999999999996, 0.9999999999999997, 0.9999999999999993], "shape": "box", "axis": "xy", "length": 0.3103947937488556, "side": 0.09283015131950378, "parent": "antenna_L0_antenna_05_jnt", "worldMatrix": [[0.5541810475382543, 0.3182567199973527, -0.7691527980355591, 0.0], [-0.6875486377097707, 0.6958750082399747, -0.20744841211841844, 0.0], [0.4692123584613271, 0.6437939368179397, 0.6044577152982806, 0.0], [1.0558920381272054, 7.9167361783448715, 4.945782397271306, 1.0]]}, "antenna_L0_antenna_06_jnt_00_proxy": {"t": [0.15557130164679345, -3.552713678800501e-15, 0.0], "r": [90.00000000000001, 0.0, 0.0], "s": [1.0, 1.0, 1.0], "shape": "box", "axis": "xy", "length": 0.31114259362220764, "side": 0.09283015131950378, "parent": "antenna_L0_antenna_06_jnt", "worldMatrix": [[0.4694931513260977, 0.20807547402599125, -0.8580680497295946, 0.0], [-0.6875486377097708, 0.6958750082399751, -0.20744841211841838, 0.0], [0.5539431844885615, 0.6873591273969339, 0.46977055925504546, 0.0], [1.2149391550666697, 7.998499365332578, 4.692921121405507, 1.0]]}, "antenna_L0_antenna_07_jnt_00_proxy": {"t": [0.15554687270784462, 1.7763568394002505e-15, 0.0], "r": [90.00000000000003, 0.0, 0.0], "s": [1.0, 1.0000000000000002, 1.0000000000000004], "shape": "box", "axis": "xy", "length": 0.3110937476158142, "side": 0.09283015131950378, "parent": "antenna_L0_antenna_07_jnt", "worldMatrix": [[0.46535341302283495, 0.2029490812488873, -0.8615438882658456, 0.0], [-0.6875486377097706, 0.6958750082399752, -0.2074484121184183, 0.0], [0.557425395700122, 0.6888901533098348, 0.4633651744588884, 0.0], [1.3603630838323455, 8.062438032574766, 4.425419900487238, 1.0]]}, "antenna_L0_antenna_08_jnt_00_proxy": {"t": [0.15556422681928184, 1.7763568394002505e-15, -2.220446049250313e-15], "r": [90.00000000000001, 0.0, 0.0], "s": [1.0000000000000002, 1.0000000000000004, 1.0000000000000004], "shape": "box", "axis": "xy", "length": 0.3111284673213959, "side": 0.09283015131950378, "parent": "antenna_L0_antenna_08_jnt", "worldMatrix": [[0.43913449452275416, 0.17094308083474788, -0.8820087067795704, 0.0], [-0.6875486377097707, 0.695875008239975, -0.20744841211841838, 0.0], [0.5783059454161642, 0.6975216383896202, 0.4231144023483213, 0.0], [1.5010609700420803, 8.12059875568212, 4.154200440448889, 1.0]]}, "antenna_L0_antenna_09_jnt_00_proxy": {"t": [0.15555874731227748, -3.552713678800501e-15, 1.3322676295501878e-15], "r": [90.0, 0.0, 0.0], "s": [1.0, 1.0000000000000002, 1.0000000000000002], "shape": "box", "axis": "xy", "length": 0.3111175000667572, "side": 0.09283015131950378, "parent": "antenna_L0_antenna_09_jnt", "worldMatrix": [[0.4227576490462137, 0.15133105830647406, -0.8935182600063426, 0.0], [-0.687548637709771, 0.6958750082399751, -0.20744841211841858, 0.0], [0.5903836387946036, 0.7020376654417185, 0.39823394549534086, 0.0], [1.6351382384545008, 8.170732253741885, 3.8779968567036236, 1.0]]}, "antenna_L0_antenna_10_jnt_00_proxy": {"t": [0.155487734642773, -0.004699812871120201, 1.7763568394002505e-15], "r": [90.00000000000001, 0.0, -1.731310064955971], "s": [1.0, 1.0000000000000004, 1.0000000000000002], "shape": "box", "axis": "xy", "length": 0.3111175000667572, "side": 0.09283015131950378, "parent": "antenna_L0_antenna_10_jnt", "worldMatrix": [[0.4227576490462243, 0.15133105830648694, -0.8935182600063347, 0.0], [-0.6875486377097707, 0.695875008239975, -0.20744841211841838, 0.0], [0.5903836387945957, 0.7020376654417153, 0.3982339454953572, 0.0], [1.7666655390591257, 8.21781399346108, 3.6000076942491575, 1.0]]}, "arm_L0_arm_01_jnt_00_proxy": {"t": [1.3333118972382092, -4.85722573273506e-17, -9.020562075079397e-16], "r": [89.99999999999999, 0.0, 0.0], "s": [0.9999999999999996, 0.9999999999999997, 0.9999999999999996], "shape": "box", "axis": "xy", "length": 2.666623830795288, "side": 0.3999871611595154, "parent": "arm_L0_arm_01_jnt", "worldMatrix": [[-0.014666853910706637, -0.8061188378930113, -0.5915718913119378, 0.0], [0.9858895670010648, 0.08700885383465568, -0.14300776563820966, 0.0], [0.1667532460698009, -0.5853220297822394, 0.7934680058936114, 0.0], [0.17046381706103195, 5.1121659144708325, 3.7789340524510386, 1.0]]}, "arm_L0_arm_02_jnt_00_proxy": {"t": [1.146202109251873, 1.3322676295501878e-15, 3.608224830031759e-16], "r": [90.0, 0.0, 0.0], "s": [0.9999999999999997, 1.0, 0.9999999999999998], "shape": "box", "axis": "xy", "length": 2.2924041748046875, "side": 0.31998714804649353, "parent": "arm_L0_arm_02_jnt", "worldMatrix": [[0.11251878863002245, 0.2880792145979115, 0.9509731270240408, 0.0], [0.9858895670010646, 0.08700885383465554, -0.14300776563820947, 0.0], [-0.12394064661637771, 0.9536455449856774, -0.27422416130837957, 0.0], [0.2798775991050292, 4.367555080723989, 4.08019161572993, 1.0]]}, "arm_L0_arm_03_jnt_00_proxy": {"t": [1.0362000047429882, 0.028896620161882325, 1.2961853812498703e-14], "r": [90.00000000000001, 0.0, 1.5973995120306281], "s": [1.0000000000000002, 1.0000000000000002, 1.0000000000000002], "shape": "box", "axis": "xy", "length": 2.0732057094573975, "side": 0.219987154006958, "parent": "arm_L0_arm_03_jnt", "worldMatrix": [[0.059575772620308616, -0.9807435274238594, -0.1859915609184972, 0.0], [0.9858895670010646, 0.0870088538346555, -0.14300776563820924, 0.0], [0.15643685305945887, -0.17484734133118882, 0.9720884312830126, 0.0], [0.47060328753338, 3.6811105504404997, 4.977399638014256, 1.0]]}, "arm_R0_arm_01_jnt_00_proxy": {"t": [-1.3333118972382119, -3.1086244689504383e-15, 0.0], "r": [-89.99999999999996, 0.0, -179.99999999999997], "s": [1.0, 1.0000000000000004, -1.0000000000000002], "shape": "box", "axis": "xy", "length": 2.666623830795288, "side": 0.3999871611595154, "parent": "arm_R0_arm_01_jnt", "worldMatrix": [[0.01466685391070721, -0.8061188378930114, -0.5915718913119377, 0.0], [-0.9858895670010648, 0.08700885383465516, -0.14300776563821002, 0.0], [-0.1667532460698008, -0.5853220297822392, 0.7934680058936115, 0.0], [-0.1704638170610324, 5.112165914470832, 3.7789340524510378, 1.0]]}, "arm_R0_arm_02_jnt_00_proxy": {"t": [-1.1462021092518713, 3.552713678800501e-15, -1.0408340855860843e-15], "r": [89.99999999999996, 180.0, 0.0], "s": [0.9999999999999996, 1.0, -0.9999999999999997], "shape": "box", "axis": "xy", "length": 2.2924041748046875, "side": 0.31998714804649353, "parent": "arm_R0_arm_02_jnt", "worldMatrix": [[-0.11251878863002267, 0.2880792145979113, 0.9509731270240409, 0.0], [-0.9858895670010646, 0.08700885383465545, -0.1430077656382098, 0.0], [0.12394064661637748, 0.9536455449856776, -0.2742241613083794, 0.0], [-0.27987759910502996, 4.367555080723989, 4.080191615729931, 1.0]]}, "arm_R0_arm_03_jnt_00_proxy": {"t": [-1.0362000047429847, -0.028896620161885878, -1.4557799410397365e-14], "r": [-89.99999999999999, 9.939233379573492e-17, -178.40260048796935], "s": [0.9999999999999996, 1.0, -0.9999999999999996], "shape": "box", "axis": "xy", "length": 2.0732057094573975, "side": 0.219987154006958, "parent": "arm_R0_arm_03_jnt", "worldMatrix": [[-0.059575772620307756, -0.9807435274238592, -0.18599156091849722, 0.0], [-0.9858895670010647, 0.08700885383465479, -0.1430077656382097, 0.0], [-0.15643685305945906, -0.17484734133118912, 0.9720884312830125, 0.0], [-0.47060328753338054, 3.6811105504404997, 4.977399638014254, 1.0]]}, "backClaw_L0_backClaw_01_jnt_00_proxy": {"t": [0.0590176003509173, -2.7755575615628914e-16, -2.636779683484747e-16], "r": [90.00000000000001, 0.0, 0.0], "s": [0.9999999999999996, 0.9999999999999996, 0.9999999999999998], "shape": "box", "axis": "xy", "length": 0.1180351972579956, "side": 0.09998715668916702, "parent": "backClaw_L0_backClaw_01_jnt", "worldMatrix": [[-0.08717191666611286, -0.462473069719785, -0.882337643268559, 0.0], [0.9858895670010643, 0.08700885383465533, -0.14300776563820933, 0.0], [0.14290842740443868, -0.8823537380996005, 0.44836264590000335, 0.0], [0.5251477528727402, 2.674321977407418, 4.685116614953404, 1.0]]}, "backClaw_L0_backClaw_02_jnt_00_proxy": {"t": [0.05901760035091552, -6.661338147750939e-16, -4.163336342344337e-17], "r": [90.0, 0.0, 0.0], "s": [0.9999999999999998, 0.9999999999999998, 0.9999999999999999], "shape": "box", "axis": "xy", "length": 0.1180351972579956, "side": 0.09998715668916702, "parent": "backClaw_L0_backClaw_02_jnt", "worldMatrix": [[-0.10031976864168873, -0.37679317377010746, -0.920848982309221, 0.0], [0.9858895670010646, 0.08700885383465555, -0.14300776563820947, 0.0], [0.13400636439412703, -0.9222019104049989, 0.3627477508506968, 0.0], [0.5140824435201247, 2.6247904976611167, 4.578696867326937, 1.0]]}, "backClaw_L0_backClaw_03_jnt_00_proxy": {"t": [0.058752108677860626, -0.005591679272385575, -6.938893903907228e-17], "r": [90.0, 0.0, -5.436698509688782], "s": [0.9999999999999999, 1.0, 0.9999999999999999], "shape": "box", "axis": "xy", "length": 0.1180351972579956, "side": 0.09998715668916702, "parent": "backClaw_L0_backClaw_03_jnt", "worldMatrix": [[-0.10031976864168785, -0.3767931737701136, -0.9208489823092186, 0.0], [0.9858895670010648, 0.08700885383465556, -0.1430077656382095, 0.0], [0.13400636439412772, -0.9222019104049963, 0.362747750850703, 0.0], [0.5022411794941416, 2.5803156397720812, 4.470004272883991, 1.0]]}, "backClaw_R0_backClaw_01_jnt_00_proxy": {"t": [-0.0590176003509173, 1.1934897514720433e-15, 8.604228440844963e-16], "r": [-89.99999999999996, 0.0, 179.99999999999983], "s": [0.9999999999999987, 0.9999999999999989, -0.9999999999999987], "shape": "box", "axis": "xy", "length": 0.1180351972579956, "side": 0.09998715668916702, "parent": "backClaw_R0_backClaw_01_jnt", "worldMatrix": [[0.08717191666611306, -0.4624730697197851, -0.8823376432685588, 0.0], [-0.9858895670010641, 0.08700885383465529, -0.1430077656382097, 0.0], [-0.1429084274044388, -0.8823537380996002, 0.4483626459000035, 0.0], [-0.5251477528727404, 2.6743219774074176, 4.685116614953403, 1.0]]}, "backClaw_R0_backClaw_02_jnt_00_proxy": {"t": [-0.05901760035091197, 1.6653345369377348e-15, 1.3877787807814457e-16], "r": [-89.99999999999996, 0.0, -179.99999999999966], "s": [0.9999999999999997, 0.9999999999999999, -0.9999999999999996], "shape": "box", "axis": "xy", "length": 0.1180351972579956, "side": 0.09998715668916702, "parent": "backClaw_R0_backClaw_02_jnt", "worldMatrix": [[0.10031976864168886, -0.3767931737701077, -0.9208489823092207, 0.0], [-0.9858895670010644, 0.08700885383465534, -0.1430077656382097, 0.0], [-0.13400636439412697, -0.9222019104049985, 0.36274775085069727, 0.0], [-0.5140824435201254, 2.624790497661117, 4.578696867326939, 1.0]]}, "backClaw_R0_backClaw_03_jnt_00_proxy": {"t": [-0.058752108677861514, 0.005591679272387573, 5.273559366969494e-16], "r": [-89.99999999999996, -3.975693351829396e-16, 174.56330149031135], "s": [0.9999999999999994, 0.9999999999999999, -0.9999999999999992], "shape": "box", "axis": "xy", "length": 0.1180351972579956, "side": 0.09998715668916702, "parent": "backClaw_R0_backClaw_03_jnt", "worldMatrix": [[0.10031976864168798, -0.37679317377011395, -0.9208489823092185, 0.0], [-0.9858895670010647, 0.08700885383465556, -0.14300776563820977, 0.0], [-0.13400636439412753, -0.9222019104049962, 0.3627477508507035, 0.0], [-0.5022411794941422, 2.5803156397720803, 4.470004272883992, 1.0]]}, "backFoot_L0_ball1_jnt_00_proxy": {"t": [0.24345136901959386, -0.15506409233463542, -1.8041124150158794e-15], "r": [90.00000000000003, 3.1805546814635168e-15, -32.4947205989842], "s": [0.9999999999999993, 0.9999999999999997, 0.9999999999999993], "shape": "box", "axis": "xy", "length": 0.5772813558578491, "side": 0.07913217693567276, "parent": "backFoot_L0_ball1_jnt", "worldMatrix": [[0.3551698075471991, -0.5295987550156058, -0.770311343868702, 0.0], [0.9173271264707133, 0.03886808414923133, 0.3962325265239486, 0.0], [-0.1799037266091749, -0.8473573217483213, 0.49962007408794373, 0.0], [2.722353783776123, -0.14052884153047007, -5.699424789325729, 1.0]]}, "backFoot_L0_ball_jnt_00_proxy": {"t": [0.28864067940794325, -1.3322676295501878e-15, -2.0261570199409107e-15], "r": [90.00000000000001, 0.0, 0.0], "s": [0.9999999999999996, 0.9999999999999998, 0.9999999999999996], "shape": "box", "axis": "xy", "length": 0.5772813558578491, "side": 0.07913217693567276, "parent": "backFoot_L0_ball_jnt", "worldMatrix": [[0.35516980754719985, -0.5295987550156036, -0.7703113438687038, 0.0], [0.9173271264707138, 0.0388680841492316, 0.3962325265239485, 0.0], [-0.1799037266091737, -0.8473573217483233, 0.4996200740879418, 0.0], [2.517320874664903, 0.16519864739213877, -5.254738410025912, 1.0]]}, "backFoot_R0_ball1_jnt_00_proxy": {"t": [-0.24345136901958941, 0.15506409233463583, 2.609024107869118e-15], "r": [-89.9999999999999, 0.0, 147.50527940101574], "s": [0.9999999999999986, 0.9999999999999991, -0.9999999999999986], "shape": "box", "axis": "xy", "length": 0.5772813558578491, "side": 0.07913217693567276, "parent": "backFoot_R0_ball1_jnt", "worldMatrix": [[-0.3551698075471991, -0.5295987550156054, -0.7703113438687016, 0.0], [-0.917327126470713, 0.0388680841492314, 0.3962325265239484, 0.0], [0.1799037266091747, -0.8473573217483211, 0.49962007408794384, 0.0], [-2.7223537837761222, -0.14052884153047232, -5.69942478932573, 1.0]]}, "backFoot_R0_ball_jnt_00_proxy": {"t": [-0.28864067940794236, 1.3322676295501878e-15, 1.0547118733938987e-15], "r": [-89.99999999999989, 5.6498000615042044e-30, 179.99999999999991], "s": [0.9999999999999983, 0.999999999999999, -0.9999999999999982], "shape": "box", "axis": "xy", "length": 0.5772813558578491, "side": 0.07913217693567276, "parent": "backFoot_R0_ball_jnt", "worldMatrix": [[-0.3551698075471998, -0.5295987550156033, -0.7703113438687035, 0.0], [-0.9173271264707136, 0.038868084149231555, 0.39623252652394864, 0.0], [0.17990372660917361, -0.8473573217483228, 0.49962007408794185, 0.0], [-2.5173208746649025, 0.16519864739213744, -5.254738410025911, 1.0]]}, "backLeg_L0_cannon_jnt_00_proxy": {"t": [0.4821813944263239, 0.0060680491718549945, 8.604228440844963e-16], "r": [90.00000000000003, -4.969616689786746e-17, 0.721005122373596], "s": [0.9999999999999996, 1.0, 0.9999999999999997], "shape": "box", "axis": "xy", "length": 0.9644391536712646, "side": 0.07913217693567276, "parent": "backLeg_L0_cannon_jnt", "worldMatrix": [[0.3000176518234599, -0.7217249117943428, -0.6237808591883733, 0.0], [-0.917327126470712, -0.03886808414922385, -0.39623252652395324, 0.0], [0.2617257183299408, 0.6910878552904955, -0.6737189507759592, 0.0], [1.3887274067553705, 2.742720471549345, -2.8947452112930483, 1.0]]}, "backLeg_L0_cannon_twist_01_jnt_00_proxy": {"t": [0.49054168793409203, 3.885060749997393e-05, 5.551115123125783e-16], "r": [90.00000000000003, 0.0, 0.004537791366697418], "s": [0.9999999999999998, 1.0000000000000002, 0.9999999999999997], "shape": "box", "axis": "xy", "length": 0.9810833930969238, "side": 0.07913217693567276, "parent": "backLeg_L0_cannon_twist_01_jnt", "worldMatrix": [[0.29971711994021955, -0.7225174707294686, -0.6230073454666751, 0.0], [-0.9173271264707127, -0.038868084149223874, -0.3962325265239535, 0.0], [0.26206982095565023, 0.6902592096634869, -0.6744343054879494, 0.0], [1.9718966366336894, 1.3378737564632104, -4.1070466287604805, 1.0]]}, "backLeg_L0_cannon_twist_02_jnt_00_proxy": {"t": [0.48616192245526835, 7.516160280385265e-05, 1.4155343563970746e-15], "r": [90.00000000000003, 7.765026077791791e-19, 0.008858041711736613], "s": [0.9999999999999996, 0.9999999999999999, 0.9999999999999998], "shape": "box", "axis": "xy", "length": 0.9723238348960876, "side": 0.07913217693567276, "parent": "backLeg_L0_cannon_twist_02_jnt", "worldMatrix": [[0.2997675116544236, -0.7223847172851773, -0.6231370308281555, 0.0], [-0.9173271264707119, -0.038868084149223846, -0.3962325265239532, 0.0], [0.2620121791014711, 0.6903981403997144, -0.6743144857817568, 0.0], [1.6791373427571477, 2.0434946443330606, -3.4984900524804883, 1.0]]}, "backLeg_L0_femur_jnt_00_proxy": {"t": [0.13188695592708544, -3.635009151792268e-05, -8.326672684688674e-17], "r": [90.0, 0.0, -0.015791605481433917], "s": [1.0000000000000002, 1.0000000000000007, 1.0000000000000007], "shape": "box", "axis": "xy", "length": 0.26377391815185547, "side": 0.4591321647167206, "parent": "backLeg_L0_femur_jnt", "worldMatrix": [[0.1751181822199055, -0.9331731405499308, -0.3138813661436037, 0.0], [-0.9173271264707122, -0.03886808414922416, -0.396232526523953, 0.0], [0.35755358381224794, 0.3573194114384886, -0.8628315437629007, 0.0], [0.15446460735669834, 1.8849545607182732, 0.04686706599721222, 1.0]]}, "backLeg_L0_femur_twist_01_jnt_00_proxy": {"t": [0.13308591195690522, -6.615946434118669e-05, 5.551115123125783e-17], "r": [90.00000000000003, 0.0, -0.02848278764896924], "s": [0.9999999999999999, 1.0, 0.9999999999999998], "shape": "box", "axis": "xy", "length": 0.2661718428134918, "side": 0.4091321527957916, "parent": "backLeg_L0_femur_twist_01_jnt", "worldMatrix": [[0.1754165259856619, -0.9328746062485367, -0.3146013531880609, 0.0], [-0.9173271264707119, -0.038868084149223985, -0.3962325265239533, 0.0], [0.3574073102947225, 0.3580980885891548, -0.8625692862006424, 0.0], [0.20090588343214894, 1.6377287081289336, -0.03639880664342176, 1.0]]}, "backLeg_L0_femur_twist_02_jnt_00_proxy": {"t": [0.13299773643669854, -0.002679446136752528, -2.7755575615628914e-17], "r": [90.0, 0.0, -1.154156406636122], "s": [0.9999999999999998, 1.0, 0.9999999999999999], "shape": "box", "axis": "xy", "length": 0.26604944467544556, "side": 0.339132159948349, "parent": "backLeg_L0_femur_twist_02_jnt", "worldMatrix": [[0.18281973577513796, -0.9252167807485505, -0.3324918838594366, 0.0], [-0.917327126470712, -0.038868084149224144, -0.3962325265239529, 0.0], [0.3536776600975737, 0.3774429502002351, -0.8558323037207979, 0.0], [0.24857089963495999, 1.3904995177103245, -0.12249746105842552, 1.0]]}, "backLeg_L0_foot_jnt_00_proxy": {"t": [0.47777620060926607, -0.017893126111484747, -3.0531133177191805e-16], "r": [89.99999999999999, 0.0, -2.144773444474316], "s": [0.9999999999999993, 0.9999999999999996, 0.9999999999999994], "shape": "box", "axis": "xy", "length": 0.9562222957611084, "side": 0.07913217693567276, "parent": "backLeg_L0_foot_jnt", "worldMatrix": [[0.30943018952684553, -0.6958491119561895, -0.6481103078945464, 0.0], [-0.9173271264707122, -0.0388680841492244, -0.39623252652395274, 0.0], [0.2505272457246247, 0.7171354721559602, -0.6503482249728081, 0.0], [2.266862399561154, 0.6507556037757893, -4.722526462467763, 1.0]]}, "backLeg_L0_tibia_jnt_00_proxy": {"t": [0.5275072056243404, -0.006310894140080903, -3.608224830031759e-16], "r": [90.00000000000001, 0.0, -0.6854320579656941], "s": [0.9999999999999998, 1.0, 0.9999999999999994], "shape": "box", "axis": "xy", "length": 1.0550899505615234, "side": 0.22913217544555664, "parent": "backLeg_L0_tibia_jnt", "worldMatrix": [[0.3046148033247634, 0.5723103287893594, -0.7613610898623804, 0.0], [-0.9173271264707125, -0.038868084149223985, -0.39623252652395297, 0.0], [-0.25636061444067776, 0.8191154739080347, 0.5131559955491254, 0.0], [0.4335884472816388, 1.5693422368984582, -0.5683793040715984, 1.0]]}, "backLeg_L0_tibia_twist_02_jnt_00_proxy": {"t": [0.5313750812810021, -3.6012218569636545e-05, -1.6653345369377348e-16], "r": [90.0, 0.0, -0.003883035175140453], "s": [1.0, 1.0000000000000002, 1.0], "shape": "box", "axis": "xy", "length": 1.062750220298767, "side": 0.159132182598114, "parent": "backLeg_L0_tibia_twist_02_jnt", "worldMatrix": [[0.3044024661445972, 0.5729882523004326, -0.7609360034397002, 0.0], [-0.9173271264707122, -0.03886808414922416, -0.3962325265239531, 0.0], [-0.25661270749141313, 0.818641395704044, 0.5137861263148917, 0.0], [0.7560383355044523, 2.1757333432888997, -1.3743739374411392, 1.0]]}, "backLeg_L0_tibia_twist_03_jnt_00_proxy": {"t": [0.5347440106578252, 0.0013716845379210252, -5.551115123125783e-16], "r": [90.00000000000001, 0.0, 0.14697043988585567], "s": [1.0, 1.0000000000000004, 1.0000000000000002], "shape": "box", "axis": "xy", "length": 1.0694915056228638, "side": 0.11913218349218369, "parent": "backLeg_L0_tibia_twist_03_jnt", "worldMatrix": [[0.305063470844108, 0.5708743882340073, -0.762258953122228, 0.0], [-0.9173271264707128, -0.03886808414922399, -0.3962325265239531, 0.0], [-0.2558265463112307, 0.8201168848969141, 0.5118213294788048, 0.0], [1.0809216216582243, 2.7854776873940903, -2.1863311198168427, 1.0]]}, "backLeg_R0_cannon_jnt_00_proxy": {"t": [-0.48218139440454066, -0.006068050902787725, 8.898389777800553e-08], "r": [-89.99999999999982, -4.969616689786744e-17, -179.27899467194607], "s": [0.9999999999999994, 1.0000000000000002, -0.9999999999999992], "shape": "box", "axis": "xy", "length": 0.9644391536712646, "side": 0.07913217693567276, "parent": "backLeg_R0_cannon_jnt", "worldMatrix": [[-0.3000176518234589, -0.7217249117943428, -0.6237808591883734, 0.0], [0.9173271264707121, -0.03886808414922289, -0.3962325265239529, 0.0], [-0.2617257183299411, 0.6910878552904951, -0.6737189507759591, 0.0], [-1.3887274067553717, 2.7427204715493447, -2.8947452112930474, 1.0]]}, "backLeg_R0_cannon_twist_01_jnt_00_proxy": {"t": [-0.49054168793395214, -3.88523684407005e-05, 8.898389694533826e-08], "r": [-89.99999999999982, 0.0, -179.99546200295325], "s": [0.9999999999999996, 1.0000000000000004, -0.9999999999999992], "shape": "box", "axis": "xy", "length": 0.9810833930969238, "side": 0.07913217693567276, "parent": "backLeg_R0_cannon_twist_01_jnt", "worldMatrix": [[-0.2997171199402183, -0.7225174707294684, -0.6230073454666748, 0.0], [0.9173271264707127, -0.0388680841492232, -0.3962325265239528, 0.0], [-0.26206982095565023, 0.6902592096634859, -0.6744343054879494, 0.0], [-1.971896636633688, 1.3378737564632122, -4.10704662876048, 1.0]]}, "backLeg_R0_cannon_twist_02_jnt_00_proxy": {"t": [-0.4861619224550001, -7.516334802293301e-05, 8.898389700084941e-08], "r": [-89.99999999999982, 0.0, -179.9911417526083], "s": [0.9999999999999992, 0.9999999999999998, -0.9999999999999992], "shape": "box", "axis": "xy", "length": 0.9723238348960876, "side": 0.07913217693567276, "parent": "backLeg_R0_cannon_twist_02_jnt", "worldMatrix": [[-0.2997675116544226, -0.7223847172851767, -0.6231370308281559, 0.0], [0.917327126470712, -0.03886808414922303, -0.3962325265239527, 0.0], [-0.26201217910147095, 0.6903981403997141, -0.6743144857817568, 0.0], [-1.6791373427571485, 2.043494644333059, -3.4984900524804887, 1.0]]}, "backLeg_R0_femur_jnt_00_proxy": {"t": [-0.13188695592724908, 3.6349618059872135e-05, -3.3584246494910985e-15], "r": [-90.00000000000001, 0.0, 179.98420860019752], "s": [0.9999999999999997, 1.0000000000000002, -1.0], "shape": "box", "axis": "xy", "length": 0.26377391815185547, "side": 0.4591321647167206, "parent": "backLeg_R0_femur_jnt", "worldMatrix": [[-0.17511818221990003, -0.9331731405499316, -0.3138813661436061, 0.0], [0.9173271264707135, -0.0388680841492187, -0.396232526523951, 0.0], [-0.35755358381224794, 0.3573194114384885, -0.8628315437629008, 0.0], [-0.15446460735669845, 1.884954560718273, 0.04686706599721212, 1.0]]}, "backLeg_R0_femur_twist_01_jnt_00_proxy": {"t": [-0.13308591195716502, 6.615898658346442e-05, -1.9984014443252818e-15], "r": [-90.00000000000003, 0.0, 179.97151741803003], "s": [0.9999999999999997, 1.0, -0.9999999999999998], "shape": "box", "axis": "xy", "length": 0.2661718428134918, "side": 0.4091321527957916, "parent": "backLeg_R0_femur_twist_01_jnt", "worldMatrix": [[-0.17541652598565644, -0.9328746062485368, -0.3146013531880633, 0.0], [0.9173271264707129, -0.038868084149218524, -0.3962325265239512, 0.0], [-0.35740731029472217, 0.35809808858915504, -0.8625692862006423, 0.0], [-0.20090588343214905, 1.6377287081289336, -0.03639880664342186, 1.0]]}, "backLeg_R0_femur_twist_02_jnt_00_proxy": {"t": [-0.1329977364463284, 0.002679445659315549, -4.996003610813204e-16], "r": [-90.0, 0.0, 178.84584379904297], "s": [0.9999999999999994, 0.9999999999999999, -0.9999999999999997], "shape": "box", "axis": "xy", "length": 0.26604944467544556, "side": 0.339132159948349, "parent": "backLeg_R0_femur_twist_02_jnt", "worldMatrix": [[-0.18281973577513252, -0.9252167807485508, -0.3324918838594392, 0.0], [0.9173271264707131, -0.03886808414921868, -0.39623252652395086, 0.0], [-0.35367766009757357, 0.3774429502002353, -0.8558323037207978, 0.0], [-0.24857089963495999, 1.3904995177103243, -0.12249746105842552, 1.0]]}, "backLeg_R0_foot_jnt_00_proxy": {"t": [-0.47777620067349735, 0.017893124396368698, 8.898389949885122e-08], "r": [-89.99999999999976, 0.0, 177.8552267612057], "s": [0.9999999999999992, 0.9999999999999996, -0.9999999999999991], "shape": "box", "axis": "xy", "length": 0.9562222957611084, "side": 0.07913217693567276, "parent": "backLeg_R0_foot_jnt", "worldMatrix": [[-0.3094301895268446, -0.6958491119561888, -0.6481103078945462, 0.0], [0.9173271264707119, -0.03886808414922374, -0.3962325265239521, 0.0], [-0.2505272457246246, 0.7171354721559596, -0.6503482249728075, 0.0], [-2.266862399561153, 0.6507556037757902, -4.72252646246776, 1.0]]}, "backLeg_R0_tibia_jnt_00_proxy": {"t": [-0.5275072056469946, 0.006310892246438882, 1.4473796633440728e-08], "r": [-89.99999801119435, -1.5587147947552892e-06, 179.31456814771428], "s": [0.9999999999999994, 1.0, -0.9999999999999991], "shape": "box", "axis": "xy", "length": 1.0550899505615234, "side": 0.22913217544555664, "parent": "backLeg_R0_tibia_jnt", "worldMatrix": [[-0.3046148033247631, 0.5723103287893594, -0.7613610898623802, 0.0], [0.9173271264707124, -0.03886808414922366, -0.3962325265239525, 0.0], [0.25636061444067726, 0.8191154739080343, 0.5131559955491253, 0.0], [-0.4335884472816387, 1.5693422368984575, -0.5683793040715985, 1.0]]}, "backLeg_R0_tibia_twist_02_jnt_00_proxy": {"t": [-0.5313750812811295, 3.6010311043832566e-05, 4.39790179274091e-08], "r": [-89.99999800990459, -1.5570677953029761e-06, 179.99611717050482], "s": [0.9999999999999999, 1.0000000000000004, -1.0], "shape": "box", "axis": "xy", "length": 1.062750220298767, "side": 0.159132182598114, "parent": "backLeg_R0_tibia_twist_02_jnt", "worldMatrix": [[-0.3044024661445974, 0.5729882523004328, -0.7609360034397009, 0.0], [0.9173271264707127, -0.038868084149224574, -0.39623252652395347, 0.0], [0.25661270749141357, 0.8186413957040444, 0.5137861263148918, 0.0], [-0.7560383355044525, 2.175733343288899, -1.3743739374411383, 1.0]]}, "backLeg_R0_tibia_twist_03_jnt_00_proxy": {"t": [-0.5347440106528984, -0.0013716864575398224, 7.376558314176052e-08], "r": [-89.99999801392822, -1.5621967227837782e-06, -179.8530293544342], "s": [0.9999999999999992, 1.0, -0.9999999999999997], "shape": "box", "axis": "xy", "length": 1.0694915056228638, "side": 0.11913218349218369, "parent": "backLeg_R0_tibia_twist_03_jnt", "worldMatrix": [[-0.30506347084410773, 0.5708743882340067, -0.7622589531222279, 0.0], [0.9173271264707124, -0.0388680841492239, -0.39623252652395274, 0.0], [0.2558265463112303, 0.8201168848969138, 0.5118213294788044, 0.0], [-1.080921621658224, 2.7854776873940885, -2.1863311198168414, 1.0]]}, "frontClaw_L0_frontClaw_01_jnt_00_proxy": {"t": [0.24080075353845132, 0.0, -1.1102230246251565e-16], "r": [90.0, 0.0, 0.0], "s": [1.0, 1.0, 1.0], "shape": "box", "axis": "xy", "length": 0.4816015064716339, "side": 0.07998715341091156, "parent": "frontClaw_L0_frontClaw_01_jnt", "worldMatrix": [[-0.03952144059340189, -0.9740153266233914, -0.22300717305986048, 0.0], [0.9982202285781793, -0.04846095989635811, 0.034755008606692867, 0.0], [-0.04465905273010076, -0.2212367032584147, 0.9741970489282948, 0.0], [0.5228429104277159, 2.429925392144352, 4.730899960944482, 1.0]]}, "frontClaw_L0_frontClaw_02_jnt_00_proxy": {"t": [0.23077154506477937, -4.440892098500626e-16, -2.1094237467877974e-14], "r": [90.00000000000001, 0.0, 0.0], "s": [0.9999999999999994, 0.9999999999999998, 0.9999999999999996], "shape": "box", "axis": "xy", "length": 0.46154308319091797, "side": 0.07998715341091156, "parent": "frontClaw_L0_frontClaw_02_jnt", "worldMatrix": [[-0.03697751502201578, -0.9602093692154997, -0.2768223810560994, 0.0], [0.9982202285781793, -0.04846095989635817, 0.03475500860669308, 0.0], [-0.046787163198085985, -0.27504454664053096, 0.9602923818937544, 0.0], [0.5047927594775916, 1.9737927678159022, 4.6133169370423595, 1.0]]}, "frontClaw_L0_frontClaw_03_jnt_00_proxy": {"t": [0.1933741381980938, -1.3322676295501878e-15, 2.864375403532904e-14], "r": [90.0, 0.0, 0.0], "s": [0.9999999999999996, 0.9999999999999998, 0.9999999999999997], "shape": "box", "axis": "xy", "length": 0.3867482841014862, "side": 0.07998715341091156, "parent": "frontClaw_L0_frontClaw_03_jnt", "worldMatrix": [[-0.0377375650419245, -0.964578123624317, -0.2610841236270375, 0.0], [0.9982202285781793, -0.04846095989635811, 0.034755008606692867, 0.0], [-0.04617630823305641, -0.25930788416728706, 0.96469019367186, 0.0], [0.4889619320856356, 1.5656793047157764, 4.498947291053951, 1.0]]}, "frontClaw_L0_frontClaw_04_jnt_00_proxy": {"t": [0.0898923932638449, 0.0, -4.796163466380676e-14], "r": [90.00000000000001, 0.0, 0.0], "s": [0.9999999999999996, 0.9999999999999997, 0.9999999999999994], "shape": "box", "axis": "xy", "length": 0.18000000715255737, "side": 0.07999999821186066, "parent": "frontClaw_L0_frontClaw_04_jnt", "worldMatrix": [[-0.04838008507537426, -0.9988239844876756, -0.0031647085590063837, 0.0], [0.9982202285781794, -0.048460959896358125, 0.03475500860669309, 0.0], [-0.034867500992002275, -0.0014776258279673876, 0.9993908514672754, 0.0], [0.4773154613342057, 1.2893681629202651, 4.448175890424017, 1.0]]}, "frontClaw_L0_frontClaw_05_jnt_00_proxy": {"t": [0.07400070018925173, 1.9001743210381618e-05, 0.00021203937200997802], "r": [89.87507153831488, 0.16417314196076505, -179.98528771129796], "s": [0.9999999999999993, 0.9999999999999997, 0.9999999999999991], "shape": "box", "axis": "xy", "length": 0.18000000715255737, "side": 0.07999999821186066, "parent": "frontClaw_L0_frontClaw_05_jnt", "worldMatrix": [[0.05600147214346705, 0.8943441654771046, -0.44386073130524284, 0.0], [0.9983615448867021, -0.04492809878544331, 0.035435739458385976, 0.0], [0.01174992805091337, -0.4451179389966056, -0.8953948623787228, 0.0], [0.46882229440115114, 1.1333991161796895, 4.480737548021833, 1.0]]}, "frontClaw_R0_frontClaw_01_jnt_00_proxy": {"t": [-0.24080075353845087, 0.0, -2.220446049250313e-16], "r": [-89.99999999999999, 5.6498000615042044e-30, -179.99999999999991], "s": [0.9999999999999998, 1.0, -0.9999999999999996], "shape": "box", "axis": "xy", "length": 0.4816015064716339, "side": 0.07998715341091156, "parent": "frontClaw_R0_frontClaw_01_jnt", "worldMatrix": [[0.039521440593402325, -0.9740153266233917, -0.2230071730598606, 0.0], [-0.9982202285781798, -0.048460959896358444, 0.03475500860669236, 0.0], [0.04465905273010062, -0.22123670325841505, 0.9741970489282954, 0.0], [-0