{
    "components_dict": {
        "abdomen_C0": {
            "apos": [
                [
                    0.0,
                    8.804989587358882,
                    -3.353510299477958
                ],
                [
                    0.0,
                    9.741333048347519,
                    -5.604789484067662
                ],
                [
                    0.0,
                    10.67767650933617,
                    -7.85606866865736
                ],
                [
                    0.0,
                    11.614019970324811,
                    -10.107347853247063
                ],
                [
                    0.0,
                    12.550363431313446,
                    -12.358627037836765
                ],
                [
                    0.0,
                    13.486706892302092,
                    -14.609906222426467
                ]
            ],
            "atra": [
                [
                    [
                        1.0,
                        0.0,
                        0.0,
                        0.0
                    ],
                    [
                        0.0,
                        0.9233227456864422,
                        0.3840248784884249,
                        0.0
                    ],
                    [
                        0.0,
                        -0.3840248784884249,
                        0.9233227456864422,
                        0.0
                    ],
                    [
                        0.0,
                        8.804989587358882,
                        -3.353510299477958,
                        1.0
                    ]
                ],
                [
                    [
                        1.0,
                        0.0,
                        0.0,
                        0.0
                    ],
                    [
                        0.0,
                        0.9233227456864422,
                        0.3840248784884249,
                        0.0
                    ],
                    [
                        0.0,
                        -0.3840248784884249,
                        0.9233227456864422,
                        0.0
                    ],
                    [
                        0.0,
                        9.741333048347519,
                        -5.604789484067662,
                        1.0
                    ]
                ],
                [
                    [
                        1.0,
                        0.0,
                        0.0,
                        0.0
                    ],
                    [
                        0.0,
                        0.9233227456864422,
                        0.3840248784884249,
                        0.0
                    ],
                    [
                        0.0,
                        -0.3840248784884249,
                        0.9233227456864422,
                        0.0
                    ],
                    [
                        0.0,
                        10.67767650933617,
                        -7.85606866865736,
                        1.0
                    ]
                ],
                [
                    [
                        1.0,
                        0.0,
                        0.0,
                        0.0
                    ],
                    [
                        0.0,
                        0.9233227456864422,
                        0.3840248784884249,
                        0.0
                    ],
                    [
                        0.0,
                        -0.3840248784884249,
                        0.9233227456864422,
                        0.0
                    ],
                    [
                        0.0,
                        11.614019970324811,
                        -10.107347853247063,
                        1.0
                    ]
                ],
                [
                    [
                        1.0,
                        0.0,
                        0.0,
                        0.0
                    ],
                    [
                        0.0,
                        0.9233227456864422,
                        0.3840248784884249,
                        0.0
                    ],
                    [
                        0.0,
                        -0.3840248784884249,
                        0.9233227456864422,
                        0.0
                    ],
                    [
                        0.0,
                        12.550363431313446,
                        -12.358627037836765,
                        1.0
                    ]
                ],
                [
                    [
                        1.0,
                        0.0,
                        0.0,
                        0.0
                    ],
                    [
                        0.0,
                        0.9233227456864422,
                        0.3840248784884249,
                        0.0
                    ],
                    [
                        0.0,
                        -0.3840248784884249,
                        0.9233227456864422,
                        0.0
                    ],
                    [
                        0.0,
                        13.486706892302092,
                        -14.609906222426467,
                        1.0
                    ]
                ]
            ],
            "blade": {
                "blade": [
                    [
                        2.9976021664879227e-15,
                        0.3840248784884249,
                        -0.9233227456864422,
                        0.0
                    ],
                    [
                        0.0,
                        0.9233227456864422,
                        0.3840248784884249,
                        0.0
                    ],
                    [
                        1.0,
                        -1.1511538077421638e-15,
                        2.7677542628372567e-15,
                        0.0
                    ],
                    [
                        0.0,
                        8.804989587358882,
                        -3.353510299477958,
                        1.0
                    ]
                ]
            },
            "child_components": [],
            "param_values": {
                "Override_Color": false,
                "RGB_fk": [
                    0.0,
                    0.0,
                    1.0
                ],
                "RGB_ik": [
                    0.0,
                    0.25,
                    1.0
                ],
                "Use_RGB_Color": false,
                "blend": 1.0,
                "color_fk": 6,
                "color_ik": 18,
                "comp_index": 0,
                "comp_name": "abdomen",
                "comp_side": "C",
                "comp_type": "EPIC_chain_IK_FK_01",
                "connector": "standard",
                "ctlGrp": "",
                "ikrefarray": "",
                "joint_names": "",
                "joint_rot_offset_x": 0.0,
                "joint_rot_offset_y": 0.0,
                "joint_rot_offset_z": 0.0,
                "mode": 0,
                "neutralpose": true,
                "parentJointIndex": -1,
                "ui_host": "",
                "useIndex": false
            },
            "parent_fullName": "body_C0",
            "parent_localName": "root",
            "pos": {
                "0_loc": [
                    0.0,
                    9.741333048347519,
                    -5.604789484067662
                ],
                "1_loc": [
                    0.0,
                    10.67767650933617,
                    -7.85606866865736
                ],
                "2_loc": [
                    0.0,
                    11.614019970324811,
                    -10.107347853247063
                ],
                "3_loc": [
                    0.0,
                    12.550363431313446,
                    -12.358627037836765
                ],
                "4_loc": [
                    0.0,
                    13.486706892302092,
                    -14.609906222426467
                ],
                "root": [
                    0.0,
                    8.804989587358882,
                    -3.353510299477958
                ]
            },
            "tra": {
                "0_loc": [
                    [
                        1.0,
                        0.0,
                        0.0,
                        0.0
                    ],
                    [
                        0.0,
                        0.9233227456864422,
                        0.3840248784884249,
                        0.0
                    ],
                    [
                        0.0,
                        -0.3840248784884249,
                        0.9233227456864422,
                        0.0
                    ],
                    [
                        0.0,
                        9.741333048347519,
                        -5.604789484067662,
                        1.0
                    ]
                ],
                "1_loc": [
                    [
                        1.0,
                        0.0,
                        0.0,
                        0.0
                    ],
                    [
                        0.0,
                        0.9233227456864422,
                        0.3840248784884249,
                        0.0
                    ],
                    [
                        0.0,
                        -0.3840248784884249,
                        0.9233227456864422,
                        0.0
                    ],
                    [
                        0.0,
                        10.67767650933617,
                        -7.85606866865736,
                        1.0
                    ]
                ],
                "2_loc": [
                    [
                        1.0,
                        0.0,
                        0.0,
                        0.0
                    ],
                    [
                        0.0,
                        0.9233227456864422,
                        0.3840248784884249,
                        0.0
                    ],
                    [
                        0.0,
                        -0.3840248784884249,
                        0.9233227456864422,
                        0.0
                    ],
                    [
                        0.0,
                        11.614019970324811,
                        -10.107347853247063,
                        1.0
                    ]
                ],
                "3_loc": [
                    [
                        1.0,
                        0.0,
                        0.0,
                        0.0
                    ],
                    [
                        0.0,
                        0.9233227456864422,
                        0.3840248784884249,
                        0.0
                    ],
                    [
                        0.0,
                        -0.3840248784884249,
                        0.9233227456864422,
                        0.0
                    ],
                    [
                        0.0,
                        12.550363431313446,
                        -12.358627037836765,
                        1.0
                    ]
                ],
                "4_loc": [
                    [
                        1.0,
                        0.0,
                        0.0,
                        0.0
                    ],
                    [
                        0.0,
                        0.9233227456864422,
                        0.3840248784884249,
                        0.0
                    ],
                    [
                        0.0,
                        -0.3840248784884249,
                        0.9233227456864422,
                        0.0
                    ],
                    [
                        0.0,
                        13.486706892302092,
                        -14.609906222426467,
                        1.0
                    ]
                ],
                "root": [
                    [
                        1.0,
                        0.0,
                        0.0,
                        0.0
                    ],
                    [
                        0.0,
                        0.9233227456864422,
                        0.3840248784884249,
                        0.0
                    ],
                    [
                        0.0,
                        -0.3840248784884249,
                        0.9233227456864422,
                        0.0
                    ],
                    [
                        0.0,
                        8.804989587358882,
                        -3.353510299477958,
                        1.0
                    ]
                ]
            }
        },
        "body_C0": {
            "apos": [
                [
                    0.0,
                    8.804989587358882,
                    -3.353510299477958
                ],
                [
                    0.0,
                    8.804989587358882,
                    -2.353510299477958
                ]
            ],
            "atra": [
                [
                    [
                        1.0,
                        0.0,
                        0.0,
                        0.0
                    ],
                    [
                        0.0,
                        1.0,
                        0.0,
                        0.0
                    ],
                    [
                        0.0,
                        0.0,
                        1.0,
                        0.0
                    ],
                    [
                        0.0,
                        8.804989587358882,
                        -3.353510299477958,
                        1.0
                    ]
                ],
                [
                    [
                        1.0,
                        0.0,
                        0.0,
                        0.0
                    ],
                    [
                        0.0,
                        1.0,
                        0.0,
                        0.0
                    ],
                    [
                        0.0,
                        0.0,
                        1.0,
                        0.0
                    ],
                    [
                        0.0,
                        8.804989587358882,
                        -2.353510299477958,
                        1.0
                    ]
                ]
            ],
            "blade": {},
            "child_components": [
                "abdomen_C0",
                "head_C0",
                "leg_L0",
                "leg_L1",
                "leg_L2",
                "leg_L3",
                "leg_R0",
                "leg_R1",
                "leg_R2",
                "leg_R3"
            ],
            "param_values": {
                "Override_Color": false,
                "RGB_fk": [
                    0.0,
                    0.0,
                    1.0
                ],
                "RGB_ik": [
                    0.0,
                    0.25,
                    1.0
                ],
                "Use_RGB_Color": false,
                "color_fk": 6,
                "color_ik": 18,
                "comp_index": 0,
                "comp_name": "body",
                "comp_side": "C",
                "comp_type": "EPIC_control_01",
                "connector": "standard",
                "ctlGrp": "",
                "ctlNamesDescription": "['ctl']",
                "ctlNamesDescription_custom": "['ctl']",
                "ctlSize": 1.0,
                "default_rotorder": 0,
                "descriptionName": true,
                "icon": "square",
                "ikrefarray": "",
                "joint": true,
                "joint_names": "",
                "joint_rot_offset_x": 0.0,
                "joint_rot_offset_y": 0.0,
                "joint_rot_offset_z": 0.0,
                "k_ro": true,
                "k_rx": true,
                "k_ry": true,
                "k_rz": true,
                "k_sx": true,
                "k_sy": true,
                "k_sz": true,
                "k_tx": true,
                "k_ty": true,
                "k_tz": true,
                "mirrorBehaviour": false,
                "neutralRotation": true,
                "parentJointIndex": -1,
                "ui_host": "",
                "uniScale": false,
                "useIndex": false
            },
            "parent_fullName": "local_C0",
            "parent_localName": "root",
            "pos": {
                "root": [
                    0.0,
                    8.804989587358882,
                    -3.353510299477958
                ],
                "sizeRef": [
                    0.0,
                    8.804989587358882,
                    -2.353510299477958
                ]
            },
            "tra": {
                "root": [
                    [
                        1.0,
                        0.0,
                        0.0,
                        0.0
                    ],
                    [
                        0.0,
                        1.0,
                        0.0,
                        0.0
                    ],
                    [
                        0.0,
                        0.0,
                        1.0,
                        0.0
                    ],
                    [
                        0.0,
                        8.804989587358882,
                        -3.353510299477958,
                        1.0
                    ]
                ],
                "sizeRef": [
                    [
                        1.0,
                        0.0,
                        0.0,
                        0.0
                    ],
                    [
                        0.0,
                        1.0,
                        0.0,
                        0.0
                    ],
                    [
                        0.0,
                        0.0,
                        1.0,
                        0.0
                    ],
                    [
                        0.0,
                        8.804989587358882,
                        -2.353510299477958,
                        1.0
                    ]
                ]
            }
        },
        "fang_L0": {
            "apos": [
                [
                    0.7427444458007812,
                    6.648075103759766,
                    4.351566791534424
                ],
                [
                    1.3409856464219634,
                    6.499104184014498,
                    5.293675987282159
                ],
                [
                    1.4541040842175001,
                    5.58913938464086,
                    5.946992823659775
                ],
                [
                    1.0019800176794726,
                    4.562692298336982,
                    5.848784813608346
                ]
            ],
            "atra": [
                [
                    [
                        0.566456978647232,
                        -0.014690865357482763,
                        0.8239603569449793,
                        0.0
                    ],
                    [
                        0.2500290648726289,
                        0.9557757146434616,
                        -0.1548491201676625,
                        0.0
                    ],
                    [
                        -0.7852464314218611,
                        0.2937294022954268,
                        0.5450789669088351,
                        0.0
                    ],
                    [
                        0.7427444458007812,
                        6.648075103759766,
                        4.351566791534424,
                        1.0
                    ]
                ],
                [
                    [
                        0.1749650105847333,
                        -0.7391815711749696,
                        0.650382848717882,
                        0.0
                    ],
                    [
                        0.5939488925912024,
                        0.6060805582284209,
                        0.5290473229562827,
                        0.0
                    ],
                    [
                        -0.7852464314218615,
                        0.29372940229542693,
                        0.5450789669088353,
                        0.0
                    ],
                    [
                        1.3409856464219634,
                        6.499104184014498,
                        5.293675987282159,
                        1.0
                    ]
                ],
                [
                    [
                        -0.34045150677465413,
                        -0.9401233528373485,
                        0.01615094377209131,
                        0.0
                    ],
                    [
                        0.5171854729921357,
                        -0.1728904846341553,
                        0.8382291255073802,
                        0.0
                    ],
                    [
                        -0.7852464314218612,
                        0.2937294022954269,
                        0.5450789669088352,
                        0.0
                    ],
                    [
                        1.4541040842175001,
                        5.58913938464086,
                        5.946992823659775,
                        1.0
                    ]
                ],
                [
                    [
                        -0.6147323856798408,
                        -0.475192784396753,
                        -0.6295203822384411,
                        0.0
                    ],
                    [
                        0.07410894639382914,
                        -0.8294063273718332,
                        0.5537084144023497,
                        0.0
                    ],
                    [
                        -0.7852464314218615,
                        0.29372940229542693,
                        0.5450789669088353,
                        0.0
                    ],
                    [
                        1.0019800176794726,
                        4.562692298336982,
                        5.848784813608346,
                        1.0
                    ]
                ]
            ],
            "blade": {
                "blade": [
                    [
                        0.5313440846947973,
                        -0.13231254703955855,
                        0.8367597346644691,
                        0.0
                    ],
                    [
                        0.3179017231772738,
                        0.9466870803613388,
                        -0.052173425015463015,
                        0.0
                    ],
                    [
                        -0.7852464314218611,
                        0.2937294022954268,
                        0.5450789669088351,
                        0.0
                    ],
                    [
                        0.7427444458007819,
                        6.6480751037597665,
                        4.351566791534423,
                        1.0
                    ]
                ]
            },
            "child_components": [],
            "param_values": {
                "Override_Color": false,
                "RGB_fk": [
                    0.0,
                    0.0,
                    1.0
                ],
                "RGB_ik": [
                    0.0,
                    0.25,
                    1.0
                ],
                "Use_RGB_Color": false,
                "blend": 0.0,
                "color_fk": 6,
                "color_ik": 18,
                "comp_index": 0,
                "comp_name": "fang",
                "comp_side": "L",
                "comp_type": "EPIC_chain_IK_FK_01",
                "connector": "standard",
                "ctlGrp": "",
                "ikrefarray": "",
                "joint_names": "",
                "joint_rot_offset_x": 0.0,
                "joint_rot_offset_y": 0.0,
                "joint_rot_offset_z": 0.0,
                "mode": 2,
                "neutralpose": true,
                "parentJointIndex": -1,
                "ui_host": "headUI_C0_root",
                "useIndex": false
            },
            "parent_fullName": "head_C0",
            "parent_localName": "root",
            "pos": {
                "0_loc": [
                    1.3409856464219634,
                    6.499104184014498,
                    5.293675987282159
                ],
                "1_loc": [
                    1.4541040842175001,
                    5.58913938464086,
                    5.946992823659775
                ],
                "2_loc": [
                    1.0019800176794726,
                    4.562692298336982,
                    5.848784813608346
                ],
                "root": [
                    0.7427444458007812,
                    6.648075103759766,
                    4.351566791534424
                ]
            },
            "tra": {
                "0_loc": [
                    [
                        0.1749650105847333,
                        -0.7391815711749696,
                        0.650382848717882,
                        0.0
                    ],
                    [
                        0.5939488925912024,
                        0.6060805582284209,
                        0.5290473229562827,
                        0.0
                    ],
                    [
                        -0.7852464314218615,
                        0.29372940229542693,
                        0.5450789669088353,
                        0.0
                    ],
                    [
                        1.3409856464219634,
                        6.499104184014498,
                        5.293675987282159,
                        1.0
                    ]
                ],
                "1_loc": [
                    [
                        -0.34045150677465413,
                        -0.9401233528373485,
                        0.01615094377209131,
                        0.0
                    ],
                    [
                        0.5171854729921357,
                        -0.1728904846341553,
                        0.8382291255073802,
                        0.0
                    ],
                    [
                        -0.7852464314218612,
                        0.2937294022954269,
                        0.5450789669088352,
                        0.0
                    ],
                    [
                        1.4541040842175001,
                        5.58913938464086,
                        5.946992823659775,
                        1.0
                    ]
                ],
                "2_loc": [
                    [
                        -0.6147323856798408,
                        -0.475192784396753,
                        -0.6295203822384411,
                        0.0
                    ],
                    [
                        0.07410894639382914,
                        -0.8294063273718332,
                        0.5537084144023497,
                        0.0
                    ],
                    [
                        -0.7852464314218615,
                        0.29372940229542693,
                        0.5450789669088353,
                        0.0
                    ],
                    [
                        1.0019800176794726,
                        4.562692298336982,
                        5.848784813608346,
                        1.0
                    ]
                ],
                "root": [
                    [
                        0.566456978647232,
                        -0.014690865357482763,
                        0.8239603569449793,
                        0.0
                    ],
                    [
                        0.2500290648726289,
                        0.9557757146434616,
                        -0.1548491201676625,
                        0.0
                    ],
                    [
                        -0.7852464314218611,
                        0.2937294022954268,
                        0.5450789669088351,
                        0.0
                    ],
                    [
                        0.7427444458007812,
                        6.648075103759766,
                        4.351566791534424,
                        1.0
                    ]
                ]
            }
        },
        "fang_R0": {
            "apos": [
                [
                    -0.7427444458007818,
                    6.648075103759766,
                    4.351566791534424
                ],
                [
                    -1.340985646421962,
                    6.499104184014495,
                    5.29367598728216
                ],
                [
                    -1.4541040842175004,
                    5.5891393846408635,
                    5.946992823659778
                ],
                [
                    -1.0019800176794738,
                    4.562692298336984,
                    5.848784813608348
                ]
            ],
            "atra": [
                [
                    [
                        -0.5664569786472318,
                        -0.014690865357482576,
                        0.8239603569449788,
                        0.0
                    ],
                    [
                        -0.25002906487262827,
                        0.9557757146434608,
                        -0.15484912016766234,
                        0.0
                    ],
                    [
                        0.7852464314218612,
                        0.29372940229542654,
                        0.5450789669088353,
                        0.0
                    ],
                    [
                        -0.7427444458007818,
                        6.648075103759766,
                        4.351566791534424,
                        1.0
                    ]
                ],
                [
                    [
                        -0.17496501058473363,
                        -0.7391815711749699,
                        0.650382848717882,
                        0.0
                    ],
                    [
                        -0.5939488925912022,
                        0.6060805582284204,
                        0.5290473229562827,
                        0.0
                    ],
                    [
                        0.7852464314218619,
                        0.2937294022954268,
                        0.5450789669088357,
                        0.0
                    ],
                    [
                        -1.340985646421962,
                        6.499104184014495,
                        5.29367598728216,
                        1.0
                    ]
                ],
                [
                    [
                        0.34045150677465363,
                        -0.9401233528373494,
                        0.01615094377209203,
                        0.0
                    ],
                    [
                        -0.5171854729921365,
                        -0.17289048463415513,
                        0.8382291255073807,
                        0.0
                    ],
                    [
                        0.7852464314218612,
                        0.29372940229542654,
                        0.5450789669088353,
                        0.0
                    ],
                    [
                        -1.4541040842175004,
                        5.5891393846408635,
                        5.946992823659778,
                        1.0
                    ]
                ],
                [
                    [
                        0.6147323856798403,
                        -0.47519278439675317,
                        -0.6295203822384403,
                        0.0
                    ],
                    [
                        -0.07410894639383003,
                        -0.8294063273718328,
                        0.5537084144023502,
                        0.0
                    ],
                    [
                        0.7852464314218619,
                        0.2937294022954268,
                        0.5450789669088357,
                        0.0
                    ],
                    [
                        -1.0019800176794738,
                        4.562692298336984,
                        5.848784813608348,
                        1.0
                    ]
                ]
            ],
            "blade": {
                "blade": [
                    [
                        -0.5313440846947965,
                        -0.13231254703955997,
                        0.8367597346644687,
                        0.0
                    ],
                    [
                        -0.3179017231772741,
                        0.9466870803613378,
                        -0.05217342501546138,
                        0.0
                    ],
                    [
                        0.7852464314218612,
                        0.29372940229542654,
                        0.5450789669088353,
                        0.0
                    ],
                    [
                        -0.7427444458007814,
                        6.648075103759765,
                        4.351566791534424,
                        1.0
                    ]
                ]
            },
            "child_components": [],
            "param_values": {
                "Override_Color": false,
                "RGB_fk": [
                    0.0,
                    0.0,
                    1.0
                ],
                "RGB_ik": [
                    0.0,
                    0.25,
                    1.0
                ],
                "Use_RGB_Color": false,
                "blend": 0.0,
                "color_fk": 6,
                "color_ik": 18,
                "comp_index": 0,
                "comp_name": "fang",
                "comp_side": "R",
                "comp_type": "EPIC_chain_IK_FK_01",
                "connector": "standard",
                "ctlGrp": "",
                "ikrefarray": "",
                "joint_names": "",
                "joint_rot_offset_x": 0.0,
                "joint_rot_offset_y": 0.0,
                "joint_rot_offset_z": 0.0,
                "mode": 2,
                "neutralpose": true,
                "parentJointIndex": -1,
                "ui_host": "headUI_C0_root",
                "useIndex": false
            },
            "parent_fullName": "head_C0",
            "parent_localName": "root",
            "pos": {
                "0_loc": [
                    -1.340985646421962,
                    6.499104184014495,
                    5.29367598728216
                ],
                "1_loc": [
                    -1.4541040842175004,
                    5.5891393846408635,
                    5.946992823659778
                ],
                "2_loc": [
                    -1.0019800176794738,
                    4.562692298336984,
                    5.848784813608348
                ],
                "root": [
                    -0.7427444458007818,
                    6.648075103759766,
                    4.351566791534424
                ]
            },
            "tra": {
                "0_loc": [
                    [
                        -0.17496501058473363,
                        -0.7391815711749699,
                        0.650382848717882,
                        0.0
                    ],
                    [
                        -0.5939488925912022,
                        0.6060805582284204,
                        0.5290473229562827,
                        0.0
                    ],
                    [
                        0.7852464314218619,
                        0.2937294022954268,
                        0.5450789669088357,
                        0.0
                    ],
                    [
                        -1.340985646421962,
                        6.499104184014495,
                        5.29367598728216,
                        1.0
                    ]
                ],
                "1_loc": [
                    [
                        0.34045150677465363,
                        -0.9401233528373494,
                        0.01615094377209203,
                        0.0
                    ],
                    [
                        -0.5171854729921365,
                        -0.17289048463415513,
                        0.8382291255073807,
                        0.0
                    ],
                    [
                        0.7852464314218612,
                        0.29372940229542654,
                        0.5450789669088353,
                        0.0
                    ],
                    [
                        -1.4541040842175004,
                        5.5891393846408635,
                        5.946992823659778,
                        1.0
                    ]
                ],
                "2_loc": [
                    [
                        0.6147323856798403,
                        -0.47519278439675317,
                        -0.6295203822384403,
                        0.0
                    ],
                    [
                        -0.07410894639383003,
                        -0.8294063273718328,
                        0.5537084144023502,
                        0.0
                    ],
                    [
                        0.7852464314218619,
                        0.2937294022954268,
                        0.5450789669088357,
                        0.0
                    ],
                    [
                        -1.0019800176794738,
                        4.562692298336984,
                        5.848784813608348,
                        1.0
                    ]
                ],
                "root": [
                    [
                        -0.5664569786472318,
                        -0.014690865357482576,
                        0.8239603569449788,
                        0.0
                    ],
                    [
                        -0.25002906487262827,
                        0.9557757146434608,
                        -0.15484912016766234,
                        0.0
                    ],
                    [
                        0.7852464314218612,
                        0.29372940229542654,
                        0.5450789669088353,
                        0.0
                    ],
                    [
                        -0.7427444458007818,
                        6.648075103759766,
                        4.351566791534424,
                        1.0
                    ]
                ]
            }
        },
        "foot_L0": {
            "apos": [
                [
                    9.795004165131694,
                    10.16935463211483,
                    14.814538588172287
