{"proxy_order": ["abdomen_C0_abdomen_01_jnt_00_proxy", "abdomen_C0_abdomen_02_jnt_00_proxy", "abdomen_C0_abdomen_03_jnt_00_proxy", "abdomen_C0_abdomen_04_jnt_00_proxy", "abdomen_C0_abdomen_05_jnt_00_proxy", "body_C0_body_jnt_00_proxy", "fang_L0_fang_01_jnt_00_proxy", "fang_L0_fang_02_jnt_00_proxy", "fang_L0_fang_03_jnt_00_proxy", "fang_R0_fang_01_jnt_00_proxy", "fang_R0_fang_02_jnt_00_proxy", "fang_R0_fang_03_jnt_00_proxy", "foot_L0_ball_jnt_00_proxy", "foot_L1_ball_jnt_00_proxy", "foot_L2_ball_jnt_00_proxy", "foot_L3_ball_jnt_00_proxy", "foot_R0_ball_jnt_00_proxy", "foot_R1_ball_jnt_00_proxy", "foot_R2_ball_jnt_00_proxy", "foot_R3_ball_jnt_00_proxy", "head_C0_head_jnt_00_proxy", "leg_L0_cannon_jnt_00_proxy", "leg_L0_cannon_twist_01_jnt_00_proxy", "leg_L0_cannon_twist_02_jnt_00_proxy", "leg_L0_femur_jnt_00_proxy", "leg_L0_femur_twist_01_jnt_00_proxy", "leg_L0_femur_twist_02_jnt_00_proxy", "leg_L0_foot_jnt_00_proxy", "leg_L0_tibia_jnt_00_proxy", "leg_L0_tibia_twist_02_jnt_00_proxy", "leg_L0_tibia_twist_03_jnt_00_proxy", "leg_L1_cannon_jnt_00_proxy", "leg_L1_cannon_twist_01_jnt_00_proxy", "leg_L1_cannon_twist_02_jnt_00_proxy", "leg_L1_femur_jnt_00_proxy", "leg_L1_femur_twist_01_jnt_00_proxy", "leg_L1_femur_twist_02_jnt_00_proxy", "leg_L1_foot_jnt_00_proxy", "leg_L1_tibia_jnt_00_proxy", "leg_L1_tibia_twist_02_jnt_00_proxy", "leg_L1_tibia_twist_03_jnt_00_proxy", "leg_L2_cannon_jnt_00_proxy", "leg_L2_cannon_twist_01_jnt_00_proxy", "leg_L2_cannon_twist_02_jnt_00_proxy", "leg_L2_femur_jnt_00_proxy", "leg_L2_femur_twist_01_jnt_00_proxy", "leg_L2_femur_twist_02_jnt_00_proxy", "leg_L2_foot_jnt_00_proxy", "leg_L2_tibia_jnt_00_proxy", "leg_L2_tibia_twist_02_jnt_00_proxy", "leg_L2_tibia_twist_03_jnt_00_proxy", "leg_L3_cannon_jnt_00_proxy", "leg_L3_cannon_twist_01_jnt_00_proxy", "leg_L3_cannon_twist_02_jnt_00_proxy", "leg_L3_femur_jnt_00_proxy", "leg_L3_femur_twist_01_jnt_00_proxy", "leg_L3_femur_twist_02_jnt_00_proxy", "leg_L3_foot_jnt_00_proxy", "leg_L3_tibia_jnt_00_proxy", "leg_L3_tibia_twist_02_jnt_00_proxy", "leg_L3_tibia_twist_03_jnt_00_proxy", "leg_R0_cannon_jnt_00_proxy", "leg_R0_cannon_twist_01_jnt_00_proxy", "leg_R0_cannon_twist_02_jnt_00_proxy", "leg_R0_femur_jnt_00_proxy", "leg_R0_femur_twist_01_jnt_00_proxy", "leg_R0_femur_twist_02_jnt_00_proxy", "leg_R0_foot_jnt_00_proxy", "leg_R0_tibia_jnt_00_proxy", "leg_R0_tibia_twist_02_jnt_00_proxy", "leg_R0_tibia_twist_03_jnt_00_proxy", "leg_R1_cannon_jnt_00_proxy", "leg_R1_cannon_twist_01_jnt_00_proxy", "leg_R1_cannon_twist_02_jnt_00_proxy", "leg_R1_femur_jnt_00_proxy", "leg_R1_femur_twist_01_jnt_00_proxy", "leg_R1_femur_twist_02_jnt_00_proxy", "leg_R1_foot_jnt_00_proxy", "leg_R1_tibia_jnt_00_proxy", "leg_R1_tibia_twist_02_jnt_00_proxy", "leg_R1_tibia_twist_03_jnt_00_proxy", "leg_R2_cannon_jnt_00_proxy", "leg_R2_cannon_twist_01_jnt_00_proxy", "leg_R2_cannon_twist_02_jnt_00_proxy", "leg_R2_femur_jnt_00_proxy", "leg_R2_femur_twist_01_jnt_00_proxy", "leg_R2_femur_twist_02_jnt_00_proxy", "leg_R2_foot_jnt_00_proxy", "leg_R2_tibia_jnt_00_proxy", "leg_R2_tibia_twist_02_jnt_00_proxy", "leg_R2_tibia_twist_03_jnt_00_proxy", "leg_R3_cannon_jnt_00_proxy", "leg_R3_cannon_twist_01_jnt_00_proxy", "leg_R3_cannon_twist_02_jnt_00_proxy", "leg_R3_femur_jnt_00_proxy", "leg_R3_femur_twist_01_jnt_00_proxy", "leg_R3_femur_twist_02_jnt_00_proxy", "leg_R3_foot_jnt_00_proxy", "leg_R3_tibia_jnt_00_proxy", "leg_R3_tibia_twist_02_jnt_00_proxy", "leg_R3_tibia_twist_03_jnt_00_proxy", "pedipalps_L0_pedipalps_01_jnt_00_proxy", "pedipalps_L0_pedipalps_02_jnt_00_proxy", "pedipalps_L0_pedipalps_03_jnt_00_proxy", "pedipalps_R0_pedipalps_01_jnt_00_proxy", "pedipalps_R0_pedipalps_02_jnt_00_proxy", "pedipalps_R0_pedipalps_03_jnt_00_proxy"], "abdomen_C0_abdomen_01_jnt_00_proxy": {"t": [1.2191182309258473, 8.881784197001252e-16, 6.767465648570975e-16], "r": [90.00000000000006, 0.0, 0.0], "s": [1.0, 1.0, 1.0000000000000004], "shape": "box", "axis": "xy", "length": 2.4382364749908447, "side": 3.1784708499908447, "parent": "abdomen_C0_abdomen_01_jnt", "worldMatrix": [[5.551115123125784e-16, 0.3840248784884252, -0.9233227456864421, 0.0], [-1.0, -1.7227078145260563e-15, -9.059143674234605e-16, 0.0], [-1.9984014443252818e-15, 0.9233227456864423, 0.38402487848842537, 0.0], [-9.554775603081643e-30, 9.273161317853203, -4.479149891772808, 1.0]]}, "abdomen_C0_abdomen_02_jnt_00_proxy": {"t": [1.219118230925849, 2.6645352591003757e-15, 6.767465648570785e-16], "r": [90.00000000000006, 0.0, 0.0], "s": [0.9999999999999998, 1.0, 1.0000000000000002], "shape": "box", "axis": "xy", "length": 2.4382364749908447, "side": 5.857470512390137, "parent": "abdomen_C0_abdomen_02_jnt", "worldMatrix": [[5.551115123125784e-16, 0.3840248784884252, -0.9233227456864421, 0.0], [-1.0000000000000002, -1.7227078145260568e-15, -9.05914367423461e-16, 0.0], [-1.998401444325282e-15, 0.9233227456864423, 0.3840248784884254, 0.0], [1.2040291677343555e-29, 10.209504778841845, -6.730429076362515, 1.0]]}, "abdomen_C0_abdomen_03_jnt_00_proxy": {"t": [1.2191182309258473, 1.7763568394002505e-15, 6.767465648570785e-16], "r": [90.00000000000006, 0.0, 0.0], "s": [0.9999999999999994, 0.9999999999999996, 0.9999999999999997], "shape": "box", "axis": "xy", "length": 2.4382364749908447, "side": 7.7554707527160645, "parent": "abdomen_C0_abdomen_03_jnt", "worldMatrix": [[5.551115123125783e-16, 0.3840248784884252, -0.923322745686442, 0.0], [-1.0, -1.7227078145260566e-15, -9.059143674234607e-16, 0.0], [-1.9984014443252814e-15, 0.923322745686442, 0.3840248784884253, 0.0], [2.1210799700537817e-29, 11.145848239830487, -8.98170826095222, 1.0]]}, "abdomen_C0_abdomen_04_jnt_00_proxy": {"t": [1.2191182309258437, -1.7763568394002505e-15, 6.767465648570628e-16], "r": [90.00000000000006, 0.0, 0.0], "s": [0.9999999999999997, 1.0, 1.0000000000000002], "shape": "box", "axis": "xy", "length": 2.4382364749908447, "side": 6.5684709548950195, "parent": "abdomen_C0_abdomen_04_jnt", "worldMatrix": [[5.551115123125783e-16, 0.3840248784884252, -0.923322745686442, 0.0], [-1.0000000000000002, -1.7227078145260568e-15, -9.05914367423461e-16, 0.0], [-1.998401444325282e-15, 0.9233227456864423, 0.3840248784884254, 0.0], [2.170383776630095e-29, 12.082191700819134, -11.232987445541918, 1.0]]}, "abdomen_C0_abdomen_05_jnt_00_proxy": {"t": [1.2191182309258437, -1.7763568394002505e-15, 6.767465648570722e-16], "r": [90.00000000000006, 0.0, 0.0], "s": [0.9999999999999993, 0.9999999999999996, 0.9999999999999998], "shape": "box", "axis": "xy", "length": 2.4382364749908447, "side": 5.352470874786377, "parent": "abdomen_C0_abdomen_05_jnt", "worldMatrix": [[5.551115123125782e-16, 0.38402487848842515, -0.9233227456864419, 0.0], [-1.0, -1.7227078145260566e-15, -9.059143674234607e-16, 0.0], [-1.9984014443252818e-15, 0.9233227456864421, 0.3840248784884253, 0.0], [1.8252571305959023e-29, 13.01853516180778, -13.484266630131616, 1.0]]}, "body_C0_body_jnt_00_proxy": {"t": [0.0, -0.5511116341830764, 2.1084949568678852], "r": [90.0, -75.35191951096634, -90.0], "s": [1.0, 1.0, 1.0], "shape": "box", "axis": "xy", "length": 4.3586578369140625, "side": 5.047597408294678, "parent": "body_C0_body_jnt", "worldMatrix": [[0.0, -0.2528813349703261, 0.967497302540749, 0.0], [0.0, 0.9674973025407491, 0.2528813349703261, 0.0], [-1.0, 0.0, 0.0, 0.0], [0.0, 8.253877953175806, -1.2450153426100727, 1.0]]}, "fang_L0_fang_01_jnt_00_proxy": {"t": [0.5629508428279641, -8.881784197001252e-16, 4.440892098500626e-16], "r": [90.0, 0.0, 0.0], "s": [1.0, 1.0, 1.0], "shape": "box", "axis": "xy", "length": 1.125901699066162, "side": 0.3377704918384552, "parent": "fang_L0_fang_01_jnt", "worldMatrix": [[0.5313440846947974, -0.1323125470395569, 0.8367597346644687, 0.0], [0.7852464314218611, -0.29372940229542693, -0.545078966908835, 0.0], [0.3179017231772728, 0.9466870803613385, -0.05217342501546438, 0.0], [1.0418650461113708, 6.573589643887133, 4.82262138940829, 1.0]]}, "fang_L0_fang_02_jnt_00_proxy": {"t": [0.562950842827965, -2.6645352591003757e-15, -8.881784197001252e-16], "r": [90.00000000000001, 0.0, 0.0], "s": [0.9999999999999996, 0.9999999999999997, 0.9999999999999998], "shape": "box", "axis": "xy", "length": 1.125901699066162, "side": 0.3377704918384552, "parent": "fang_L0_fang_02_jnt", "worldMatrix": [[0.10046919658854443, -0.8082098205968208, 0.5802609985409213, 0.0], [0.7852464314218617, -0.293729402295427, -0.5450789669088351, 0.0], [0.6109778903332624, 0.510411524280189, 0.6051331204007018, 0.0], [1.3975448653197315, 6.044121784327684, 5.6203344054709685, 1.0]]}, "fang_L0_fang_03_jnt_00_proxy": {"t": [0.5131558889286097, 5.100087019371805e-16, -9.471590178833369e-16], "r": [90.00000000000006, 0.0, 0.0], "s": [1.0000000000000002, 1.0, 1.0000000000000002], "shape": "box", "axis": "xy", "length": 1.125901699066162, "side": 0.3377704918384552, "parent": "fang_L0_fang_03_jnt", "worldMatrix": [[-0.40156620449025104, -0.9116667106736667, -0.08722609736054805, 0.0], [0.7852464314218623, -0.29372940229542754, -0.5450789669088345, 0.0], [0.47130947937690076, -0.28737927356827403, 0.8338348324295687, 0.0], [1.2480380215886164, 5.121312243318499, 5.902232238130951, 1.0]]}, "fang_R0_fang_01_jnt_00_proxy": {"t": [-0.5629508428279646, 2.6645352591003757e-15, -8.881784197001252e-16], "r": [-89.99999999999997, 0.0, 179.99999999999994], "s": [1.0000000000000002, 1.0000000000000004, -1.0000000000000004], "shape": "box", "axis": "xy", "length": 1.125901699066162, "side": 0.3377704918384552, "parent": "fang_R0_fang_01_jnt", "worldMatrix": [[-0.5313440846947974, -0.13231254703955664, 0.8367597346644695, 0.0], [-0.7852464314218619, -0.29372940229542716, -0.545078966908835, 0.0], [-0.31790172317727294, 0.9466870803613393, -0.052173425015464604, 0.0], [-1.041865046111372, 6.573589643887133, 4.82262138940829, 1.0]]}, "fang_R0_fang_02_jnt_00_proxy": {"t": [-0.5629508428279602, 1.7763568394002505e-15, 1.7763568394002505e-15], "r": [-89.99999999999997, 0.0, 179.99999999999997], "s": [0.9999999999999997, 0.9999999999999998, -1.0], "shape": "box", "axis": "xy", "length": 1.125901699066162, "side": 0.3377704918384552, "parent": "fang_R0_fang_02_jnt", "worldMatrix": [[-0.10046919658854465, -0.8082098205968208, 0.5802609985409214, 0.0], [-0.7852464314218616, -0.2937294022954269, -0.5450789669088351, 0.0], [-0.6109778903332626, 0.5104115242801893, 0.6051331204007017, 0.0], [-1.3975448653197327, 6.044121784327684, 5.620334405470968, 1.0]]}, "fang_R0_fang_03_jnt_00_proxy": {"t": [-0.5131558889286083, 0.0, 4.884981308350689e-15], "r": [89.99999999999997, 180.00000000000003, 0.0], "s": [1.0000000000000002, 1.0, -1.0], "shape": "box", "axis": "xy", "length": 1.125901699066162, "side": 0.3377704918384552, "parent": "fang_R0_fang_03_jnt", "worldMatrix": [[0.4015662044902512, -0.9116667106736669, -0.08722609736054843, 0.0], [-0.7852464314218623, -0.2937294022954272, -0.5450789669088347, 0.0], [-0.4713094793769009, -0.2873792735682745, 0.8338348324295685, 0.0], [-1.248038021588617, 5.121312243318499, 5.902232238130952, 1.0]]}, "foot_L0_ball_jnt_00_proxy": {"t": [0.5174594167005893, -2.625586960439844, -3.552713678800501e-15], "r": [90.0, 0.0, -78.8508428435169], "s": [1.0, 1.0, 1.0], "shape": "box", "axis": "xy", "length": 5.352185249328613, "side": 0.469759464263916, "parent": "foot_L0_ball_jnt", "worldMatrix": [[0.10331776516346845, -0.9819112923868242, 0.15866837518819862, 0.0], [-0.8734655260412729, -0.013259598207780554, 0.48670541179733223, 0.0], [-0.47579766100630305, -0.18887667123973986, -0.8590356155843171, 0.0], [10.624467745788593, 2.286298054634453, 16.08837213289177, 1.0]]}, "foot_L1_ball_jnt_00_proxy": {"t": [0.5174594681632918, -2.6255867807573634, -7.105427357601002e-15], "r": [90.0, 0.0, -78.85084101860343], "s": [1.0000000000000002, 1.0000000000000002, 0.9999999999999999], "shape": "box", "axis": "xy", "length": 5.352184772491455, "side": 0.5034193992614746, "parent": "foot_L1_ball_jnt", "worldMatrix": [[0.11046874982715225, -0.992075378652805, 0.05985898748324882, 0.0], [-0.5658079189285716, -0.013259598207781165, 0.8244304591250176, 0.0], [-0.8171034537862051, -0.12494249127603448, -0.562788876653042, 0.0], [15.372261207438465, 2.462157327579321, 8.036183654793955, 1.0]]}, "foot_L2_ball_jnt_00_proxy": {"t": [0.5174590128795451, -2.6255870989225603, -8.215650382226158e-15], "r": [90.0, 0.0, -78.85085189956209], "s": [1.0000000000000002, 1.0000000000000002, 1.0000000000000004], "shape": "box", "axis": "xy", "length": 5.352185249328613, "side": 0.3707594871520996, "parent": "foot_L2_ball_jnt", "worldMatrix": [[0.21333892637680202, -0.9757155189540356, -0.04965610299500749, 0.0], [0.16875455565460848, -0.0132595982077803, 0.9855689133699298, 0.0], [-0.9622933037479842, -0.21863990744515435, 0.16182765040055846, 0.0], [20.194494872241552, 1.9504697297049258, -5.120674987764247, 1.0]]}, "foot_L3_ball_jnt_00_proxy": {"t": [0.5174591690270063, -2.625587101610048, -5.995204332975845e-15], "r": [90.00000000000001, -3.1805546814635176e-15, -78.85084863062876], "s": [1.0000000000000007, 1.0000000000000004, 1.0000000000000002], "shape": "box", "axis": "xy", "length": 5.352185249328613, "side": 0.469759464263916, "parent": "foot_L3_ball_jnt", "worldMatrix": [[0.12635091721953207, -0.981911311464141, -0.14101638960260843, 0.0], [0.6970575177629886, -0.013259598207781555, 0.7168926000353676, 0.0], [-0.7057947737465079, -0.1888765720626565, 0.6827732990370785, 0.0], [14.902260255337875, 2.7383058941912015, -15.920611483759982, 1.0]]}, "foot_R0_ball_jnt_00_proxy": {"t": [-0.517459416700607, 2.6255869604398394, 9.547918011776346e-15], "r": [-89.99999999999997, 0.0, 101.14915715648316], "s": [0.9999999999999997, 1.0, -1.0], "shape": "box", "axis": "xy", "length": 5.352185249328613, "side": 0.469759464263916, "parent": "foot_R0_ball_jnt", "worldMatrix": [[-0.10331776516346913, -0.9819112923868245, 0.15866837518819868, 0.0], [0.873465526041273, -0.013259598207780894, 0.4867054117973326, 0.0], [0.4757976610063035, -0.1888766712397404, -0.8590356155843171, 0.0], [-10.624467745788602, 2.28629805463445, 16.088372132891777, 1.0]]}, "foot_R1_ball_jnt_00_proxy": {"t": [-0.5174594681632776, 2.6255867807573714, 4.440892098500626e-16], "r": [-90.00000000000003, 0.0, 101.14915898139667], "s": [1.0000000000000004, 1.0000000000000004, -1.0000000000000004], "shape": "box", "axis": "xy", "length": 5.352184772491455, "side": 0.5034193992614746, "parent": "foot_R1_ball_jnt", "worldMatrix": [[-0.11046874982715302, -0.9920753786528048, 0.059858987483248104, 0.0], [0.5658079189285711, -0.013259598207781914, 0.8244304591250176, 0.0], [0.8171034537862053, -0.12494249127603461, -0.562788876653042, 0.0], [-15.372261207438466, 2.4621573275793254, 8.036183654793959, 1.0]]}, "foot_R2_ball_jnt_00_proxy": {"t": [-0.5174590128795522, 2.6255870989225656, 1.0880185641326534e-14], "r": [-89.99999999999994, 0.0, 101.1491481004379], "s": [1.0, 1.0000000000000004, -1.0000000000000007], "shape": "box", "axis": "xy", "length": 5.352185249328613, "side": 0.3707594871520996, "parent": "foot_R2_ball_jnt", "worldMatrix": [[-0.21333891542846267, -0.9757155214415753, -0.04965610115383899, 0.0], [-0.16875455565460873, -0.013259598207780112, 0.9855689133699291, 0.0], [0.9622933061752132, -0.2186398963441059, 0.16182765096551305, 0.0], [-20.194494822416846, 1.9504695285859497, -5.120674981938787, 1.0]]}, "foot_R3_ball_jnt_00_proxy": {"t": [-0.5174591690269814, 2.6255871016100505, 1.2878587085651816e-14], "r": [-89.99999999999997, 0.0, 101.14915136937113], "s": [1.0000000000000009, 1.0000000000000002, -1.0000000000000004], "shape": "box", "axis": "xy", "length": 5.352185249328613, "side": 0.469759464263916, "parent": "foot_R3_ball_jnt", "worldMatrix": [[-0.1263509172195328, -0.9819113114641409, -0.14101638960260748, 0.0], [-0.6970575177629884, -0.013259598207780332, 0.7168926000353671, 0.0], [0.7057947737465073, -0.18887657206265643, 0.6827732990370788, 0.0], [-14.902260255337875, 2.738305894191199, -15.920611483759982, 1.0]]}, "head_C0_head_jnt_00_proxy": {"t": [0.0, -0.5511116341830764, 2.1084949568678852], "r": [90.0, -75.35191951096634, -90.0], "s": [1.0, 1.0, 1.0], "shape": "box", "axis": "xy", "length": 4.3586578369140625, "side": 3.6175973415374756, "parent": "head_C0_head_jnt", "worldMatrix": [[0.0, -0.2528813349703261, 0.967497302540749, 0.0], [0.0, 0.9674973025407491, 0.2528813349703261, 0.0], [-1.0, 0.0, 0.0, 0.0], [0.0, 7.151654684809653, 2.9719745711256977, 1.0]]}, "leg_L0_cannon_jnt_00_proxy": {"t": [1.15546755910555, -0.0047846421792208105, -1.5543122344752192e-15], "r": [90.00000000000001, 0.0, -0.23725307935376247], "s": [1.0000000000000002, 1.0000000000000007, 1.0000000000000002], "shape": "box", "axis": "xy", "length": 2.310955047607422, "side": 1.1097594499588013, "parent": "leg_L0_cannon_jnt", "worldMatrix": [[0.32142755362646813, -0.7665413804354058, 0.5559664017275568, 0.0], [-0.8734655260412734, -0.013259598207780702, 0.4867054117973323, 0.0], [-0.36570794712057647, -0.6420580153970132, -0.6738094703084121, 0.0], [7.919588050944555, 14.643862745213557, 11.570725997025221, 1.0]]}, "leg_L0_cannon_twist_01_jnt_00_proxy": {"t": [1.1754172073448181, -2.523127674791681e-05, -1.3322676295501878e-15], "r": [90.0, 0.0, -0.0012299000389728776], "s": [1.0, 1.0000000000000002, 1.0], "shape": "box", "axis": "xy", "length": 2.350834369659424, "side": 1.1097594499588013, "parent": "leg_L0_cannon_twist_01_jnt", "worldMatrix": [[0.3213143262776753, -0.7667401051450328, 0.5557577843727503, 0.0], [-0.8734655260412731, -0.013259598207780558, 0.48670541179733234, 0.0], [-0.3658074336945138, -0.6418206869660348, -0.6739815481422925, 0.0], [9.417325664382037, 11.070593940095318, 14.161291117500461, 1.0]]}, "leg_L0_cannon_twist_02_jnt_00_proxy": {"t": [1.1649225833477397, -4.85746842144863e-05, 0.0], "r": [90.0, 0.0, -0.0023891067396874686], "s": [0.9999999999999999, 1.0000000000000002, 1.0], "shape": "box", "axis": "xy", "length": 2.3298451900482178, "side": 1.1097594499588013, "parent": "leg_L0_cannon_twist_02_jnt", "worldMatrix": [[0.32133334024437005, -0.7667067427430067, 0.5557928166860427, 0.0], [-0.8734655260412731, -0.013259598207780558, 0.48670541179733234, 0.0], [-0.3657907315184988, -0.6418605406844835, -0.6739526593518157, 0.0], [8.665318811063184, 12.864987453654582, 12.860588250099513, 1.0]]}, "leg_L0_femur_jnt_00_proxy": {"t": [1.849599064356732, -3.0367378558437963e-05, 0.0], "r": [90.00000000000003, 0.0, -0.0009407025877220223], "s": [1.0000000000000002, 1.0000000000000004, 1.0000000000000002], "shape": "box", "axis": "xy", "length": 3.6991982460021973, "side": 1.4097594022750854, "parent": "leg_L0_femur_jnt", "worldMatrix": [[0.2624546063771813, 0.8291404728732182, 0.49360273078152134, 0.0], [-0.8734655260412728, -0.013259598207780804, 0.4867054117973326, 0.0], [0.41009212917202104, -0.558883046172403, 0.7207455766719726, 0.0], [2.427366188446432, 7.825902946288419, 1.5283682436084416, 1.0]]}, "leg_L0_femur_twist_01_jnt_00_proxy": {"t": [1.8664136016054833, -3.954653412163722e-05, -1.3322676295501878e-15], "r": [90.00000000000001, 0.0, -0.0012140125303955992], "s": [0.9999999999999997, 0.9999999999999998, 0.9999999999999996], "shape": "box", "axis": "xy", "length": 3.7328271865844727, "side": 1.4097594022750854, "parent": "leg_L0_femur_twist_01_jnt", "worldMatrix": [[0.26246933108104703, 0.8291204049408932, 0.49362860973865447, 0.0], [-0.8734655260412727, -0.013259598207780677, 0.48670541179733234, 0.0], [0.4100827051453283, -0.5589128171423673, 0.720727852781251, 0.0], [3.4026783125471356, 10.906961990839427, 3.3626505443135652, 1.0]]}, "leg_L0_femur_twist_02_jnt_00_proxy": {"t": [1.874179977825845, -0.0034729623321285708, -1.3322676295501878e-15], "r": [90.0, 0.0, -0.10617222392342146], "s": [0.9999999999999999, 0.9999999999999998, 0.9999999999999998], "shape": "box", "axis": "xy", "length": 3.748366355895996, "side": 1.4097594022750854, "parent": "leg_L0_femur_twist_02_jnt", "worldMatrix": [[0.2632405965517634, 0.8280671247422758, 0.4949840656507362, 0.0], [-0.8734655260412728, -0.013259598207780552, 0.4867054117973322, 0.0], [0.4095880407733045, -0.5604721402321693, 0.7197976221682434, 0.0], [4.385915744653802, 14.006393082375856, 5.211656513821312, 1.0]]}, "leg_L0_foot_jnt_00_proxy": {"t": [2.3394111339566583, -1.2994716930674066, -2.4424906541753444e-15], "r": [90.0, 0.0, -29.0508392216898], "s": [0.9999999999999999, 0.9999999999999998, 0.9999999999999999], "shape": "box", "axis": "xy", "length": 5.352185249328613, "side": 0.8397594690322876, "parent": "leg_L0_foot_jnt", "worldMatrix": [[0.1033177651634685, -0.9819112923868241, 0.1586683751881987, 0.0], [-0.8734655260412727, -0.01325959820778055, 0.4867054117973321, 0.0], [-0.47579766100630294, -0.18887667123973995, -0.8590356155843171, 0.0], [10.071491950291023, 7.541668969370704, 15.239149631309612, 1.0]]}, "leg_L0_tibia_jnt_00_proxy": {"t": [0.9069975439028592, -0.003883104101804591, -8.881784197001252e-16], "r": [90.00000000000001, 2.4848083448933737e-17, -0.24529737552162997], "s": [0.9999999999999994, 0.9999999999999999, 0.9999999999999996], "shape": "box", "axis": "xy", "length": 1.8140116930007935, "side": 1.1097594499588013, "parent": "leg_L0_tibia_jnt", "worldMatrix": [[0.4867920849891817, -0.004150141743540542, 0.8735080093023723, 0.0], [-0.8734655260412729, -0.013259598207780776, 0.48670541179733223, 0.0], [0.00956246878832068, -0.9999034750309034, -0.010079673198851969, 0.0], [5.3208001189433904, 15.55457836954921, 6.931624211621061, 1.0]]}, "leg_L0_tibia_twist_02_jnt_00_proxy": {"t": [0.9135902583067885, -8.946674853582692e-05, -2.220446049250313e-16], "r": [90.00000000000001, 0.0, -0.005610903832267113], "s": [1.0, 1.0000000000000004, 1.0000000000000002], "shape": "box", "axis": "xy", "length": 1.8271805047988892, "side": 1.1097594499588013, "parent": "leg_L0_tibia_twist_02_jnt", "worldMatrix": [[0.48679600477212814, -0.0045643832079708705, 0.8735037585172857, 0.0], [-0.873465526041273, -0.013259598207780778, 0.4867054117973323, 0.0], [0.009360798862089272, -0.9999016698962448, -0.010441550812235644, 0.0], [6.207055480645218, 15.546644190629872, 8.521925619680008, 1.0]]}, "leg_L0_tibia_twist_03_jnt_00_proxy": {"t": [0.920669427296815, -0.002154710984473951, -3.1086244689504383e-15], "r": [90.0, 0.0, -0.13409331994473622], "s": [1.0000000000000002, 1.0000000000000004, 1.0000000000000002], "shape": "box", "axis": "xy", "length": 1.841343879699707, "side": 1.1097594499588013, "parent": "leg_L0_tibia_twist_03_jnt", "worldMatrix": [[0.4868173656870681, -0.0070004185661541145, 0.8734757275422151, 0.0], [-0.8734655260412729, -0.013259598207780554, 0.48670541179733223, 0.0], [0.008174795590464832, -0.9998875822787614, -0.012569626954975655, 0.0], [7.099986663252391, 15.536029125572819, 10.124134748108062, 1.0]]}, "leg_L1_cannon_jnt_00_proxy": {"t": [1.2875793935307236, -0.006822643602522049, 1.7763568394002505e-15], "r": [90.0, 0.0, -0.3035968321657285], "s": [1.0, 1.0000000000000002, 1.0], "shape": "box", "axis": "xy", "length": 2.575194835662842, "side": 1.1434193849563599, "parent": "leg_L1_cannon_jnt", "worldMatrix": [[0.3687232796499946, -0.8983931344750958, 0.23860620061549942, 0.0], [-0.5658079189285716, -0.013259598207781165, 0.8244304591250176, 0.0], [-0.7374988419800202, -0.43899198054563626, -0.5132070723350847, 0.0], [12.08875355627698, 16.270295733076424, 6.0047882288985885, 1.0]]}, "leg_L1_cannon_twist_01_jnt_00_proxy": {"t": [1.3098173343001842, -3.4779913047344735e-05, 0.0], "r": [90.0, 0.0, -0.0015213894157664655], "s": [0.9999999999999999, 1.0, 1.0], "shape": "box", "axis": "xy", "length": 2.6196346282958984, "side": 1.1434193849563599, "parent": "leg_L1_cannon_twist_01_jnt", "worldMatrix": [[0.3684409296826384, -0.8985611197740898, 0.23840972162419594, 0.0], [-0.5658079189285716, -0.013259598207781165, 0.8244304591250176, 0.0], [-0.7376399394096771, -0.4386480332632324, -0.513298375900398, 0.0], [14.002797163240535, 11.603764241094897, 7.2433459338997706, 1.0]]}, "leg_L1_cannon_twist_02_jnt_00_proxy": {"t": [1.2981226293485104, -6.693311325634e-05, 1.7763568394002505e-15], "r": [90.0, 0.0, -0.0029542547130055196], "s": [0.9999999999999999, 1.0000000000000002, 1.0], "shape": "box", "axis": "xy", "length": 2.596245288848877, "side": 1.1434193849563599, "parent": "leg_L1_cannon_twist_02_jnt", "worldMatrix": [[0.3684883483870786, -0.898532919260728, 0.23844271871406922, 0.0], [-0.5658079189285717, -0.013259598207781168, 0.8244304591250178, 0.0], [-0.7376162525193452, -0.438705796702257, -0.5132830485795884, 0.0], [13.041863782378023, 13.94712108937553, 6.621544858363059, 1.0]]}, "leg_L1_femur_jnt_00_proxy": {"t": [1.9056990696673157, -3.224579159921692e-05, -4.440892098500626e-16], "r": [90.00000000000001, 0.0, -0.0009694855787712923], "s": [1.0000000000000002, 1.0000000000000002, 1.0000000000000002], "shape": "box", "axis": "xy", "length": 3.8113980293273926, "side": 1.443419337272644, "parent": "leg_L1_femur_jnt", "worldMatrix": [[0.3148837393033765, 0.9206128395264868, 0.2309117372965329, 0.0], [-0.5658079189285714, -0.013259598207781251, 0.8244304591250177, 0.0], [0.7620430628252204, -0.3902514353008172, 0.5167148030060777, 0.0], [3.224909327294571, 7.790769025906652, -0.21486112694747195, 1.0]]}, "leg_L1_femur_twist_01_jnt_00_proxy": {"t": [1.9230236069558497, -4.196526449617988e-05, 1.3322676295501878e-15], "r": [90.0, 0.0, -0.0012503395864149195], "s": [0.9999999999999998, 0.9999999999999998, 0.9999999999999994], "shape": "box", "axis": "xy", "length": 3.8460471630096436, "side": 1.443419337272644, "parent": "leg_L1_femur_twist_01_jnt", "worldMatrix": [[0.31491192053642253, 0.9205984068376557, 0.23093084599514208, 0.0], [-0.5658079189285715, -0.013259598207781161, 0.8244304591250173, 0.0], [0.7620314174506064, -0.39028548062070934, 0.5167062632046184, 0.0], [4.430566033871824, 11.31551252726351, 0.6692726245854781, 1.0]]}, "leg_L1_femur_twist_02_jnt_00_proxy": {"t": [1.9311217805387049, -0.004274705019625902, 4.440892098500626e-16], "r": [90.0, 0.0, -0.1268289544036522], "s": [0.9999999999999999, 1.0, 1.0], "shape": "box", "axis": "xy", "length": 3.862252950668335, "side": 1.443419337272644, "parent": "leg_L1_femur_twist_02_jnt", "worldMatrix": [[0.3166205773663335, 0.9197205711859513, 0.23208938132882523, 0.0], [-0.5658079189285716, -0.013259598207781165, 0.8244304591250176, 0.0], [0.7613230647142705, -0.3923496578216367, 0.5161869207383272, 0.0], [5.647583482436286, 14.861941774976533, 1.5615520504933287, 1.0]]}, "leg_L1_foot_jnt_00_proxy": {"t": [2.5325546893780007, -0.8646600429007592, -5.773159728050814e-15], "r": [90.00000000000001, 0.0, -18.850834172222783], "s": [0.9999999999999996, 0.9999999999999998, 0.9999999999999996], "shape": "box", "axis": "xy", "length": 5.352184772491455, "side": 0.8734194040298462, "parent": "leg_L1_foot_jnt", "worldMatrix": [[0.11046874982715205, -0.9920753786528047, 0.05985898748324869, 0.0], [-0.5658079189285719, -0.01325959820778121, 0.8244304591250173, 0.0], [-0.817103453786205, -0.12494249127603418, -0.5627888766530423, 0.0], [14.781012055662595, 7.771927982574235, 7.715807298303927, 1.0]]}, "leg_L1_tibia_jnt_00_proxy": {"t": [1.0838690134225555, -0.004154992451175232, -8.881784197001252e-16], "r": [90.00000000000001, 0.0, -0.21964126869780687], "s": [1.0, 1.0, 0.9999999999999998], "shape": "box", "axis": "xy", "length": 2.1677539348602295, "side": 1.1434193849563599, "parent": "leg_L1_tibia_jnt", "worldMatrix": [[0.8174647831373385, 0.12165661960668418, 0.5629840097516972, 0.0], [-0.5658079189285716, -0.013259598207781385, 0.8244304591250176, 0.0], [0.10776236452464938, -0.9924836774281189, 0.0579950241901305, 0.0], [7.1450491318620095, 16.769899362537856, 2.619951414708016, 1.0]]}, "leg_L1_tibia_twist_02_jnt_00_proxy": {"t": [1.0917453478705035, -0.0001060962799819265, -8.881784197001252e-16], "r": [90.0, 0.0, -0.005568028348049891], "s": [0.9999999999999998, 1.0, 1.0000000000000002], "shape": "box", "axis": "xy", "length": 2.183490753173828, "side": 1.1434193849563599, "parent": "leg_L1_tibia_twist_02_jnt", "worldMatrix": [[0.8175062262646333, 0.121274363954795, 0.563006304286122, 0.0], [-0.5658079189285715, -0.013259598207781161, 0.8244304591250173, 0.0], [0.10744751693862789, -0.9925304588287094, 0.057778191396020216, 0.0], [8.923589013764838, 17.03416089497126, 3.844816337972106, 1.0]]}, "leg_L1_tibia_twist_03_jnt_00_proxy": {"t": [1.0992135299940404, -0.0029690521662431024, 4.440892098500626e-16], "r": [90.00000000000001, 1.2424041724466869e-17, -0.15475950753439005], "s": [0.9999999999999999, 1.0000000000000004, 1.0000000000000002], "shape": "box", "axis": "xy", "length": 2.198435068130493, "side": 1.1434193849563599, "parent": "leg_L1_tibia_twist_03_jnt", "worldMatrix": [[0.8178038887011168, 0.11849467090400861, 0.5631658837258181, 0.0], [-0.5658079189285717, -0.013259598207781387, 0.8244304591250177, 0.0], [0.10515796927979416, -0.9928661521185618, 0.056201472171385054, 0.0], [10.715042015931592, 17.29681303888998, 5.078517671606184, 1.0]]}, "leg_L2_cannon_jnt_00_proxy": {"t": [1.0349075573682232, -0.004632633790404128, -1.5543122344752192e-15], "r": [90.0, 0.0, -0.2564756527866164], "s": [1.0000000000000002, 1.0000000000000002, 1.0000000000000004], "shape": "box", "axis": "xy", "length": 2.069835901260376, "side": 1.0107594728469849, "parent": "leg_L2_cannon_jnt", "worldMatrix": [[0.6539271972615359, -0.7466536856025232, -0.12201432070802853, 0.0], [0.16875455565460853, -0.013259598207780304, 0.98556891336993, 0.0], [-0.7374965224511159, -0.665080789702678, 0.11733039904890176, 0.0], [15.064503996431851, 13.687596655401217, -4.084381224788604, 1.0]]}, "leg_L2_cannon_twist_01_jnt_00_proxy": {"t": [1.0527772177338766, -2.5223091558501665e-05, -8.881784197001252e-16], "r": [90.0, 0.0, -0.0013727279312314114], "s": [1.0000000000000002, 1.0000000000000002, 1.0000000000000002], "shape": "box", "axis": "xy", "length": 2.1055543422698975, "side": 1.0107594728469849, "parent": "leg_L2_cannon_twist_01_jnt", "worldMatrix": [[0.6536722405725615, -0.7468835279340968, -0.12197375785620872, 0.0], [0.1687545556546085, -0.0132595982077803, 0.9855689133699298, 0.0], [-0.7377225100609737, -0.6648226671497337, 0.11737256661269325, 0.0], [17.793579482182736, 10.5700868451237, -4.593610809478733, 1.0]]}, "leg_L2_cannon_twist_02_jnt_00_proxy": {"t": [1.0433775890045476, -4.8578806637777916e-05, 6.661338147750939e-16], "r": [90.0, 0.0, -0.002667644601137677], "s": [0.9999999999999999, 0.9999999999999999, 1.0000000000000002], "shape": "box", "axis": "xy", "length": 2.0867552757263184, "side": 1.0107594728469849, "parent": "leg_L2_cannon_twist_02_jnt", "worldMatrix": [[0.653715048646458, -0.746844947794748, -0.12198056864361406, 0.0], [0.16875455565460845, -0.013259598207780297, 0.9855689133699296, 0.0], [-0.7376845769832627, -0.66486600680801, 0.11736548842056047, 0.0], [16.423336607219245, 12.13563008975338, -4.337927824265224, 1.0]]}, "leg_L2_femur_jnt_00_proxy": {"t": [1.6845990559467419, -2.7010682212225134e-05, 1.1102230246251565e-15], "r": [90.0, 0.0, -0.0009186744388370214], "s": [1.0000000000000002, 1.0, 1.0000000000000004], "shape": "box", "axis": "xy", "length": 3.3691980838775635, "side": 1.310759425163269, "parent": "leg_L2_femur_jnt", "worldMatrix": [[0.6193727659736804, 0.7792586496877605, -0.09556847627183988, 0.0], [0.1687545556546085, -0.013259598207780299, 0.9855689133699297, 0.0], [0.7667459010101905, -0.6265621596794504, -0.1397160811857208, 0.0], [3.716119211155741, 7.702921076080538, -2.221764401806445, 1.0]]}, "leg_L2_femur_twist_01_jnt_00_proxy": {"t": [1.6999135931023055, -3.5251583572870615e-05, 1.5543122344752192e-15], "r": [90.0, 0.0, -0.0011881586028534676], "s": [1.0, 1.0, 1.0000000000000002], "shape": "box", "axis": "xy", "length": 3.399827241897583, "side": 1.310759425163269, "parent": "leg_L2_femur_twist_01_jnt", "worldMatrix": [[0.619399708425588, 0.779236632316289, -0.09557338572356221, 0.0], [0.16875455565460848, -0.013259598207780297, 0.9855689133699296, 0.0], [0.7667241362759571, -0.6265895418148444, -0.1397127229000685, 0.0], [5.812439971713861, 10.34029440610935, -2.5452254641966694, 1.0]]}, "leg_L2_femur_twist_02_jnt_00_proxy": {"t": [1.7075257222626021, -0.0031752290733302324, 6.661338147750939e-16], "r": [90.0, 0.0, -0.10654423111788736], "s": [1.0000000000000002, 1.0000000000000002, 1.0000000000000004], "shape": "box", "axis": "xy", "length": 3.415057420730591, "side": 1.310759425163269, "parent": "leg_L2_femur_twist_02_jnt", "worldMatrix": [[0.6208460022877865, 0.7780523879605348, -0.09583696067897572, 0.0], [0.1687545556546085, -0.0132595982077803, 0.9855689133699298, 0.0], [0.7655534869550852, -0.6280594435595074, -0.13953205354552983, 0.0], [7.925478306599559, 12.993476113128565, -2.8713363200865025, 1.0]]}, "leg_L2_foot_jnt_00_proxy": {"t": [2.339410858811866, -1.2994723074048125, -8.43769498715119e-15], "r": [90.0, 0.0, -29.050853580539645], "s": [1.0, 0.9999999999999998, 1.0], "shape": "box", "axis": "xy", "length": 5.352185249328613, "side": 0.7407594919204712, "parent": "leg_L2_foot_jnt", "worldMatrix": [[0.21333892637680246, -0.9757155189540354, -0.04965610299500756, 0.0], [0.16875455565460845, -0.013259598207780296, 0.9855689133699295, 0.0], [-0.9622933037479838, -0.2186399074451547, 0.1618276504005584, 0.0], [19.05266544085463, 7.172679831469827, -4.854906331225085, 1.0]]}, "leg_L2_tibia_jnt_00_proxy": {"t": [0.9069992254149586, -0.003463742639453926, 1.7763568394002505e-15], "r": [90.0, 0.0, -0.21880599700240913], "s": [1.0, 1.0, 1.0], "shape": "box", "axis": "xy", "length": 1.8140116930007935, "side": 1.0107594728469849, "parent": "leg_L2_tibia_jnt", "worldMatrix": [[0.9853752485753337, 0.026222772686773803, -0.16836860065854647, 0.0], [0.16875455565460848, -0.013259598207780297, 0.9855689133699296, 0.0], [0.023611849586911822, -0.9995681813903372, -0.017490892232788886, 0.0], [9.879331762193903, 14.345807083487939, -3.1876919824582415, 1.0]]}, "leg_L2_tibia_twist_02_jnt_00_proxy": {"t": [0.9135902202171575, -8.357765733713052e-05, 1.1102230246251565e-15], "r": [90.0, 0.0, -0.005241569915932742], "s": [1.0, 1.0, 1.0], "shape": "box", "axis": "xy", "length": 1.8271805047988892, "side": 1.0107594728469849, "parent": "leg_L2_tibia_twist_02_jnt", "worldMatrix": [[0.9853840661734374, 0.025846537649174182, -0.16837517222872522, 0.0], [0.1687545556546085, -0.0132595982077803, 0.9855689133699298, 0.0], [0.023240956893352906, -0.9995779807233244, -0.017427517774005082, 0.0], [11.673310243432773, 14.393204437785206, -3.4942292194620883, 1.0]]}, "leg_L2_tibia_twist_03_jnt_00_proxy": {"t": [0.9205044210556981, -0.001956582576321253, 1.1102230246251565e-15], "r": [90.0, 0.0, -0.12178513486772168], "s": [1.0000000000000002, 1.0, 1.0], "shape": "box", "axis": "xy", "length": 1.841012954711914, "side": 1.0107594728469849, "parent": "leg_L2_tibia_twist_03_jnt", "worldMatrix": [[0.9854331644699043, 0.023630660257540494, -0.16841339097181202, 0.0], [0.1687545556546085, -0.0132595982077803, 0.9855689133699298, 0.0], [0.02105655025514215, -0.9996328200650283, -0.01705422939307867, 0.0], [13.480645254964632, 14.438569760409361, -3.8030807738386394, 1.0]]}, "leg_L3_cannon_jnt_00_proxy": {"t": [1.1559405387058828, -0.004542705112505985, -6.661338147750939e-16], "r": [90.0, 0.0, -0.22516425534989612], "s": [1.0000000000000004, 1.0000000000000004, 1.0000000000000004], "shape": "box", "axis": "xy", "length": 2.311898946762085, "side": 1.1097594499588013, "parent": "leg_L3_cannon_jnt", "worldMatrix": [[0.46896575505281873, -0.7478885215461696, -0.469823243281157, 0.0], [0.6970575177629889, -0.01325959820778156, 0.7168926000353678, 0.0], [-0.5423854141824254, -0.6636919032162845, 0.515103018907195, 0.0], [11.150487922408972, 14.988777151811961, -12.046059791918996, 1.0]]}, "leg_L3_cannon_twist_01_jnt_00_proxy": {"t": [1.1758974340246775, -2.3952755206835263e-05, 3.552713678800501e-15], "r": [90.0, 0.0, -0.0011671016035322776], "s": [0.9999999999999996, 0.9999999999999998, 0.9999999999999998], "shape": "box", "axis": "xy", "length": 2.351794958114624, "side": 1.1097594499588013, "parent": "leg_L3_cannon_twist_01_jnt", "worldMatrix": [[0.46880640250232003, -0.7480834568489987, -0.4696719052292612, 0.0], [0.6970575177629884, -0.013259598207781552, 0.7168926000353674, 0.0], [-0.5425231551767475, -0.6634721732252378, 0.5152410129763025, 0.0], [13.336611744612, 11.501032103908289, -14.236206744107227, 1.0]]}, "leg_L3_cannon_twist_02_jnt_00_proxy": {"t": [1.1653984300656601, -4.61132769338235e-05, -2.220446049250313e-16], "r": [90.00000000000001, -1.9412565194479477e-19, -0.00226711833356359], "s": [0.9999999999999997, 0.9999999999999994, 0.9999999999999997], "shape": "box", "axis": "xy", "length": 2.330796957015991, "side": 1.1097594499588013, "parent": "leg_L3_cannon_twist_02_jnt", "worldMatrix": [[0.4688331619974486, -0.7480507300385224, -0.46969731902610123, 0.0], [0.6970575177629881, -0.013259598207781696, 0.7168926000353671, 0.0], [-0.5425000305452294, -0.6635090717874182, 0.5152178456868738, 0.0], [12.238966067358543, 13.252478668514675, -13.136536237172498, 1.0]]}, "leg_L3_femur_jnt_00_proxy": {"t": [1.8495990660517307, -3.0883370781054076e-05, 0.0], "r": [90.00000000000001, 0.0, -0.0009566866869876048], "s": [1.0000000000000002, 1.0, 1.0000000000000002], "shape": "box", "axis": "xy", "length": 3.6991982460021973, "side": 1.4097594022750854, "parent": "leg_L3_femur_jnt", "worldMatrix": [[0.40839354808122197, 0.8291413012066404, -0.38175831689563705, 0.0], [0.6970575177629884, -0.013259598207781678, 0.7168926000353671, 0.0], [0.5893433013242209, -0.5588818172822652, -0.5833743116520825, 0.0], [2.8641913798491485, 8.249519491676464, -4.1136784975213, 1.0]]}, "leg_L3_femur_twist_01_jnt_00_proxy": {"t": [1.8664136033060483, -4.02185774609487e-05, -6.661338147750939e-16], "r": [90.0, 0.0, -0.001234643136971229], "s": [1.0000000000000002, 1.0, 1.0], "shape": "box", "axis": "xy", "length": 3.7328271865844727, "side": 1.4097594022750854, "parent": "leg_L3_femur_twist_01_jnt", "worldMatrix": [[0.4084150685233267, 0.8291208922841413, -0.3817796193892967, 0.0], [0.6970575177629886, -0.013259598207781558, 0.7168926000353676, 0.0], [0.5893283878561999, -0.558912094191312, -0.5833603708116404, 0.0], [4.3818271485185845, 11.330580977328566, -5.532337002817145, 1.0]]}, "leg_L3_femur_twist_02_jnt_00_proxy": {"t": [1.874122574743554, -0.0035171289120364824, -2.220446049250313e-16], "r": [90.0, 0.0, -0.10752573433755479], "s": [1.0000000000000002, 1.0000000000000002, 1.0000000000000002], "shape": "box", "axis": "xy", "length": 3.7482516765594482, "side": 1.4097594022750854, "parent": "leg_L3_femur_twist_02_jnt", "worldMatrix": [[0.40953758801777235, 0.8280540984294495, -0.38289081220992743, 0.0], [0.6970575177629889, -0.013259598207781565, 0.7168926000353678, 0.0], [0.5885488772656755, -0.5604913854195804, -0.5826316382928012, 0.0], [5.911623582494467, 14.429941098167776, -6.9624812601239885, 1.0]]}, "leg_L3_foot_jnt_00_proxy": {"t": [2.301324772803884, -1.3657876518076648, -5.995204332975845e-15], "r": [90.0, 0.0, -30.688236152280577], "s": [0.9999999999999997, 0.9999999999999996, 0.9999999999999997], "shape": "box", "axis": "xy", "length": 5.352185249328613, "side": 0.8397594690322876, "parent": "leg_L3_foot_jnt", "worldMatrix": [[0.12635091721953234, -0.98191131146414, -0.1410163896026087, 0.0], [0.6970575177629881, -0.013259598207781548, 0.716892600035367, 0.0], [-0.7057947737465072, -0.18887657206265684, 0.6827732990370783, 0.0], [14.226006745434754, 7.9936770889842315, -15.16586564952958, 1.0]]}, "leg_L3_tibia_jnt_00_proxy": {"t": [0.9071478980749834, -0.003947393410292932, 8.881784197001252e-16], "r": [90.0, 0.0, -0.249317179131317], "s": [0.9999999999999999, 1.0, 1.0], "shape": "box", "axis": "xy", "length": 1.8143129348754883, "side": 1.1097594499588013, "parent": "leg_L3_tibia_jnt", "worldMatrix": [[0.7165693059385058, -0.02237337548584724, -0.6971569850874174, 0.0], [0.6970575177629886, -0.013259598207781558, 0.7168926000353676, 0.0], [-0.025283328833624184, -0.999661750355958, 0.00609410849537