{
    "components_dict": {
        "armUI_L0": {
            "apos": [
                [
                    0.6354683707753381,
                    0.0,
                    8.893410926670978
                ],
                [
                    0.6354683707753381,
                    1.7763568394002505e-15,
                    9.893410926670978
                ]
            ],
            "atra": [
                [
                    [
                        1.0,
                        0.0,
                        0.0,
                        0.0
                    ],
                    [
                        0.0,
                        1.0,
                        0.0,
                        0.0
                    ],
                    [
                        0.0,
                        0.0,
                        1.0,
                        0.0
                    ],
                    [
                        0.6354683707753381,
                        0.0,
                        8.893410926670978,
                        1.0
                    ]
                ],
                [
                    [
                        1.0,
                        0.0,
                        0.0,
                        0.0
                    ],
                    [
                        0.0,
                        1.0,
                        0.0,
                        0.0
                    ],
                    [
                        0.0,
                        0.0,
                        1.0,
                        0.0
                    ],
                    [
                        0.6354683707753381,
                        1.7763568394002505e-15,
                        9.893410926670978,
                        1.0
                    ]
                ]
            ],
            "blade": {},
            "child_components": [],
            "param_values": {
                "Override_Color": false,
                "RGB_fk": [
                    0.0,
                    0.0,
                    1.0
                ],
                "RGB_ik": [
                    0.0,
                    0.25,
                    1.0
                ],
                "Use_RGB_Color": false,
                "color_fk": 6,
                "color_ik": 18,
                "comp_index": 0,
                "comp_name": "armUI",
                "comp_side": "L",
                "comp_type": "EPIC_control_01",
                "connector": "standard",
                "ctlGrp": "",
                "ctlNamesDescription": "['ctl']",
                "ctlNamesDescription_custom": "['ctl']",
                "ctlSize": 1.0,
                "default_rotorder": 0,
                "descriptionName": true,
                "icon": "cross",
                "ikrefarray": "",
                "joint": false,
                "joint_names": "",
                "joint_rot_offset_x": 0.0,
                "joint_rot_offset_y": 0.0,
                "joint_rot_offset_z": 0.0,
                "k_ro": false,
                "k_rx": false,
                "k_ry": false,
                "k_rz": false,
                "k_sx": false,
                "k_sy": false,
                "k_sz": false,
                "k_tx": false,
                "k_ty": false,
                "k_tz": false,
                "mirrorBehaviour": false,
                "neutralRotation": true,
                "parentJointIndex": -1,
                "ui_host": "",
                "uniScale": false,
                "useIndex": false
            },
            "parent_fullName": null,
            "parent_localName": null,
            "pos": {
                "root": [
                    0.6354683707753381,
                    0.0,
                    8.893410926670978
                ],
                "sizeRef": [
                    0.6354683707753381,
                    1.7763568394002505e-15,
                    9.893410926670978
                ]
            },
            "tra": {
                "root": [
                    [
                        1.0,
                        0.0,
                        0.0,
                        0.0
                    ],
                    [
                        0.0,
                        1.0,
                        0.0,
                        0.0
                    ],
                    [
                        0.0,
                        0.0,
                        1.0,
                        0.0
                    ],
                    [
                        0.6354683707753381,
                        0.0,
                        8.893410926670978,
                        1.0
                    ]
                ],
                "sizeRef": [
                    [
                        1.0,
                        0.0,
                        0.0,
                        0.0
                    ],
                    [
                        0.0,
                        1.0,
                        0.0,
                        0.0
                    ],
                    [
                        0.0,
                        0.0,
                        1.0,
                        0.0
                    ],
                    [
                        0.6354683707753381,
                        1.7763568394002505e-15,
                        9.893410926670978,
                        1.0
                    ]
                ]
            }
        },
        "armUI_R0": {
            "apos": [
                [
                    -0.6354683707753381,
                    0.0,
                    8.893410926670978
                ],
                [
                    -0.6354683707753381,
                    1.7763568394002505e-15,
                    9.893410926670978
                ]
            ],
            "atra": [
                [
                    [
                        -1.0,
                        0.0,
                        -1.2246467991473532e-16,
                        0.0
                    ],
                    [
                        0.0,
                        1.0,
                        0.0,
                        0.0
                    ],
                    [
                        -1.2246467991473532e-16,
                        0.0,
                        1.0,
                        0.0
                    ],
                    [
                        -0.6354683707753381,
                        0.0,
                        8.893410926670978,
                        1.0
                    ]
                ],
                [
                    [
                        -1.0,
                        0.0,
                        -1.2246467991473532e-16,
                        0.0
                    ],
                    [
                        0.0,
                        1.0,
                        0.0,
                        0.0
                    ],
                    [
                        -1.2246467991473532e-16,
                        0.0,
                        1.0,
                        0.0
                    ],
                    [
                        -0.6354683707753381,
                        1.7763568394002505e-15,
                        9.893410926670978,
                        1.0
                    ]
                ]
            ],
            "blade": {},
            "child_components": [],
            "param_values": {
                "Override_Color": false,
                "RGB_fk": [
                    0.0,
                    0.0,
                    1.0
                ],
                "RGB_ik": [
                    0.0,
                    0.25,
                    1.0
                ],
                "Use_RGB_Color": false,
                "color_fk": 6,
                "color_ik": 18,
                "comp_index": 0,
                "comp_name": "armUI",
                "comp_side": "R",
                "comp_type": "EPIC_control_01",
                "connector": "standard",
                "ctlGrp": "",
                "ctlNamesDescription": "['ctl']",
                "ctlNamesDescription_custom": "['ctl']",
                "ctlSize": 1.0,
                "default_rotorder": 0,
                "descriptionName": true,
                "icon": "cross",
                "ikrefarray": "",
                "joint": false,
                "joint_names": "",
                "joint_rot_offset_x": 0.0,
                "joint_rot_offset_y": 0.0,
                "joint_rot_offset_z": 0.0,
                "k_ro": false,
                "k_rx": false,
                "k_ry": false,
                "k_rz": false,
                "k_sx": false,
                "k_sy": false,
                "k_sz": false,
                "k_tx": false,
                "k_ty": false,
                "k_tz": false,
                "mirrorBehaviour": false,
                "neutralRotation": true,
                "parentJointIndex": -1,
                "ui_host": "",
                "uniScale": false,
                "useIndex": false
            },
            "parent_fullName": null,
            "parent_localName": null,
            "pos": {
                "root": [
                    -0.6354683707753381,
                    0.0,
                    8.893410926670978
                ],
                "sizeRef": [
                    -0.6354683707753381,
                    1.7763568394002505e-15,
                    9.893410926670978
                ]
            },
            "tra": {
                "root": [
                    [
                        -1.0,
                        0.0,
                        -1.2246467991473532e-16,
                        0.0
                    ],
                    [
                        0.0,
                        1.0,
                        0.0,
                        0.0
                    ],
                    [
                        -1.2246467991473532e-16,
                        0.0,
                        1.0,
                        0.0
                    ],
                    [
                        -0.6354683707753381,
                        0.0,
                        8.893410926670978,
                        1.0
                    ]
                ],
                "sizeRef": [
                    [
                        -1.0,
                        0.0,
                        -1.2246467991473532e-16,
                        0.0
                    ],
                    [
                        0.0,
                        1.0,
                        0.0,
                        0.0
                    ],
                    [
                        -1.2246467991473532e-16,
                        0.0,
                        1.0,
                        0.0
                    ],
                    [
                        -0.6354683707753381,
                        1.7763568394002505e-15,
                        9.893410926670978,
                        1.0
                    ]
                ]
            }
        },
        "arm_L0": {
            "apos": [
                [
                    1.307382739021533,
                    5.675422333042053,
                    3.168033289015459
                ],
                [
                    1.3173827390215327,
                    4.801020788346959,
                    3.0084913300444485
                ],
                [
                    1.3073827390215325,
                    4.586775819507456,
                    3.3580370396285946
                ],
                [
                    1.3073827390215322,
                    3.916888271148314,
                    3.3966970852595333
                ]
            ],
            "atra": [
                [
                    [
                        0.0,
                        -0.9837588624669102,
                        -0.1794951267244061,
                        0.0
                    ],
                    [
                        0.0,
                        -0.1794951267244062,
                        0.9837588624669102,
                        0.0
                    ],
                    [
                        -1.0,
                        0.0,
                        0.0,
                        0.0
                    ],
                    [
                        1.307382739021533,
                        5.675422333042053,
                        3.168033289015459,
                        1.0
                    ]
                ],
                [
                    [
                        0.0,
                        -0.5225749586129842,
                        0.8525933454060254,
                        0.0
                    ],
                    [
                        0.0,
                        0.8525933454060253,
                        0.522574958612984,
                        0.0
                    ],
                    [
                        -1.0,
                        0.0,
                        0.0,
                        0.0
                    ],
                    [
                        1.3173827390215327,
                        4.801020788346959,
                        3.0084913300444485,
                        1.0
                    ]
                ],
                [
                    [
                        0.0,
                        -0.9983388542906746,
                        0.05761538000901001,
                        0.0
                    ],
                    [
                        0.0,
                        0.0576153800090099,
                        0.9983388542906746,
                        0.0
                    ],
                    [
                        -1.0,
                        0.0,
                        0.0,
                        0.0
                    ],
                    [
                        1.3073827390215325,
                        4.586775819507456,
                        3.3580370396285946,
                        1.0
                    ]
                ],
                [
                    [
                        0.0,
                        -0.9983388542906746,
                        0.05761538000901001,
                        0.0
                    ],
                    [
                        0.0,
                        0.0576153800090099,
                        0.9983388542906746,
                        0.0
                    ],
                    [
                        -1.0,
                        0.0,
                        0.0,
                        0.0
                    ],
                    [
                        1.3073827390215322,
                        3.916888271148314,
                        3.3966970852595333,
                        1.0
                    ]
                ]
            ],
            "blade": {
                "blade": [
                    [
                        0.0,
                        -0.9983388542906746,
                        0.05761538000901001,
                        0.0
                    ],
                    [
                        0.0,
                        0.0576153800090099,
                        0.9983388542906746,
                        0.0
                    ],
                    [
                        -1.0,
                        0.0,
                        0.0,
                        0.0
                    ],
                    [
                        1.3073827390215322,
                        4.586775819507457,
                        3.3580370396285946,
                        1.0
                    ]
                ]
            },
            "child_components": [
                "meta_L0"
            ],
            "param_values": {
                "Override_Color": false,
                "RGB_fk": [
                    0.0,
                    0.0,
                    1.0
                ],
                "RGB_ik": [
                    0.0,
                    0.25,
                    1.0
                ],
                "Use_RGB_Color": false,
                "blend": 0.0,
                "color_fk": 6,
                "color_ik": 18,
                "comp_index": 0,
                "comp_name": "arm",
                "comp_side": "L",
                "comp_type": "EPIC_arm_02",
                "connector": "standard",
                "ctlGrp": "",
                "div0": 2,
                "div1": 2,
                "ikTR": false,
                "ikrefarray": "spine_C0_chest,local_C0_root,global_C0_root",
                "jointNamesDescription": "['upperarm', 'lowerarm', 'upperarm_twist_##', 'lowerarm_twist_##', 'hand']",
                "jointNamesDescription_custom": "['upperarm', 'lowerarm', 'upperarm_twist_##', 'lowerarm_twist_##', 'hand']",
                "joint_names": "",
                "joint_rot_offset_x": 0.0,
                "joint_rot_offset_y": 0.0,
                "joint_rot_offset_z": 0.0,
                "leafJoints": false,
                "maxstretch": 1.0,
                "mirrorIK": true,
                "mirrorMid": true,
                "parentJointIndex": -1,
                "pinrefarray": "spine_C0_chest,local_C0_root,global_C0_root",
                "rest_T_Pose": false,
                "sq_profile": [
                    0.0,
                    0.19999999999999998,
                    0.39999999999999997,
                    0.6,
                    0.6,
                    0.40000000000000013,
                    0.20000000000000007,
                    0.0
                ],
                "st_profile": [
                    0.0,
                    -0.19999999999999998,
                    -0.39999999999999997,
                    -0.6,
                    -0.6,
                    -0.40000000000000013,
                    -0.20000000000000007,
                    0.0
                ],
                "ui_host": "armUI_L0_root",
                "upvrefarray": "spine_C0_chest,local_C0_root,global_C0_root",
                "useIndex": false,
                "use_blade": true
            },
            "parent_fullName": "shoulder_L0",
            "parent_localName": "tip",
            "pos": {
                "eff": [
                    1.3073827390215322,
                    3.916888271148314,
                    3.3966970852595333
                ],
                "elbow": [
                    1.3173827390215327,
                    4.801020788346959,
                    3.0084913300444485
                ],
                "root": [
                    1.307382739021533,
                    5.675422333042053,
                    3.168033289015459
                ],
                "wrist": [
                    1.3073827390215325,
                    4.586775819507456,
                    3.3580370396285946
                ]
            },
            "tra": {
                "eff": [
                    [
                        0.0,
                        -0.9983388542906746,
                        0.05761538000901001,
                        0.0
                    ],
                    [
                        0.0,
                        0.0576153800090099,
                        0.9983388542906746,
                        0.0
                    ],
                    [
                        -1.0,
                        0.0,
                        0.0,
                        0.0
                    ],
                    [
                        1.3073827390215322,
                        3.916888271148314,
                        3.3966970852595333,
                        1.0
                    ]
                ],
                "elbow": [
                    [
                        0.0,
                        -0.5225749586129842,
                        0.8525933454060254,
                        0.0
                    ],
                    [
                        0.0,
                        0.8525933454060253,
                        0.522574958612984,
                        0.0
                    ],
                    [
                        -1.0,
                        0.0,
                        0.0,
                        0.0
                    ],
                    [
                        1.3173827390215327,
                        4.801020788346959,
                        3.0084913300444485,
                        1.0
                    ]
                ],
                "root": [
                    [
                        0.0,
                        -0.9837588624669102,
                        -0.1794951267244061,
                        0.0
                    ],
                    [
                        0.0,
                        -0.1794951267244062,
                        0.9837588624669102,
                        0.0
                    ],
                    [
                        -1.0,
                        0.0,
                        0.0,
                        0.0
                    ],
                    [
                        1.307382739021533,
                        5.675422333042053,
                        3.168033289015459,
                        1.0
                    ]
                ],
                "wrist": [
                    [
                        0.0,
                        -0.9983388542906746,
                        0.05761538000901001,
                        0.0
                    ],
                    [
                        0.0,
                        0.0576153800090099,
                        0.9983388542906746,
                        0.0
                    ],
                    [
                        -1.0,
                        0.0,
                        0.0,
                        0.0
                    ],
                    [
                        1.3073827390215325,
                        4.586775819507456,
                        3.3580370396285946,
                        1.0
                    ]
                ]
            }
        },
        "arm_R0": {
            "apos": [
                [
                    -1.307382739021533,
                    5.675422333042052,
                    3.1680332890154594
                ],
                [
                    -1.3173827390215327,
                    4.801020788346959,
                    3.008491330044448
                ],
                [
                    -1.3073827390215327,
                    4.586775819507456,
                    3.358037039628594
                ],
                [
                    -1.307382739021532,
                    3.9168882711483146,
                    3.396697085259532
                ]
            ],
            "atra": [
                [
                    [
                        -1.0314102678305535e-16,
                        -0.9837588624669105,
                        -0.17949512672440618,
                        0.0
                    ],
                    [
                        -6.602670990406575e-17,
                        -0.1794951267244062,
                        0.9837588624669106,
                        0.0
                    ],
                    [
                        1.0,
                        -1.1331737184319346e-16,
                        4.6441049354746494e-17,
                        0.0
                    ],
                    [
                        -1.307382739021533,
                        5.675422333042052,
                        3.1680332890154594,
                        1.0
                    ]
                ],
                [
                    [
                        -9.881215053461863e-17,
                        -0.5225749586129841,
                        0.8525933454060254,
                        0.0
                    ],
                    [
                        7.234470770790668e-17,
                        0.852593345406025,
                        0.522574958612984,
                        0.0
                    ],
                    [
                        1.0000000000000002,
                        -1.133173718431935e-16,
                        4.6441049354746506e-17,
                        0.0
                    ],
                    [
                        -1.3173827390215327,
                        4.801020788346959,
                        3.008491330044448,
                        1.0
                    ]
                ],
                [
                    [
                        -1.1580485388375508e-16,
                        -0.9983388542906746,
                        0.05761538000900984,
                        0.0
                    ],
                    [
                        -3.983508056450645e-17,
                        0.05761538000900962,
                        0.9983388542906746,
                        0.0
                    ],
                    [
                        1.0,
                        -1.1331737184319346e-16,
                        4.6441049354746494e-17,
                        0.0
                    ],
                    [
                        -1.3073827390215327,
                        4.586775819507456,
                        3.358037039628594,
                        1.0
                    ]
                ],
                [
                    [
                        -1.1580485388375506e-16,
                        -0.9983388542906745,
                        0.057615380009009835,
                        0.0
                    ],
                    [
                        -3.9835080564506444e-17,
                        0.05761538000900961,
                        0.9983388542906745,
                        0.0
                    ],
                    [
                        0.9999999999999999,
                        -1.1331737184319344e-16,
                        4.644104935474649e-17,
                        0.0
                    ],
                    [
                        -1.307382739021532,
                        3.9168882711483146,
                        3.396697085259532,
                        1.0
                    ]
                ]
            ],
            "blade": {
                "blade": [
                    [
                        -1.1580485388375508e-16,
                        -0.9983388542906746,
                        0.05761538000900984,
                        0.0
                    ],
                    [
                        -3.983508056450645e-17,
                        0.05761538000900962,
                        0.9983388542906746,
                        0.0
                    ],
                    [
                        1.0,
                        -1.1331737184319346e-16,
                        4.6441049354746494e-17,
                        0.0
                    ],
                    [
                        -1.3073827390215325,
                        4.586775819507456,
                        3.3580370396285932,
                        1.0
                    ]
                ]
            },
            "child_components": [
                "meta_R0"
            ],
            "param_values": {
                "Override_Color": false,
                "RGB_fk": [
                    0.0,
                    0.0,
                    1.0
                ],
                "RGB_ik": [
                    0.0,
                    0.25,
                    1.0
                ],
                "Use_RGB_Color": false,
                "blend": 0.0,
                "color_fk": 6,
                "color_ik": 18,
                "comp_index": 0,
                "comp_name": "arm",
                "comp_side": "R",
                "comp_type": "EPIC_arm_02",
                "connector": "standard",
                "ctlGrp": "",
                "div0": 2,
                "div1": 2,
                "ikTR": false,
                "ikrefarray": "spine_C0_chest,local_C0_root,global_C0_root",
                "jointNamesDescription": "['upperarm', 'lowerarm', 'upperarm_twist_##', 'lowerarm_twist_##', 'hand']",
                "jointNamesDescription_custom": "['upperarm', 'lowerarm', 'upperarm_twist_##', 'lowerarm_twist_##', 'hand']",
                "joint_names": "",
                "joint_rot_offset_x": 0.0,
                "joint_rot_offset_y": 0.0,
                "joint_rot_offset_z": 0.0,
                "leafJoints": false,
                "maxstretch": 1.0,
                "mirrorIK": true,
                "mirrorMid": true,
                "parentJointIndex": -1,
                "pinrefarray": "spine_C0_chest,local_C0_root,global_C0_root",
                "rest_T_Pose": false,
                "sq_profile": [
                    0.0,
                    0.19999999999999998,
                    0.39999999999999997,
                    0.6,
                    0.6,
                    0.40000000000000013,
                    0.20000000000000007,
                    0.0
                ],
                "st_profile": [
                    0.0,
                    -0.19999999999999998,
                    -0.39999999999999997,
                    -0.6,
                    -0.6,
                    -0.40000000000000013,
                    -0.20000000000000007,
                    0.0
                ],
                "ui_host": "armUI_R0_root",
                "upvrefarray": "spine_C0_chest,local_C0_root,global_C0_root",
                "useIndex": false,
                "use_blade": true
            },
            "parent_fullName": "shoulder_R0",
            "parent_localName": "tip",
            "pos": {
                "eff": [
                    -1.307382739021532,
                    3.9168882711483146,
                    3.396697085259532
                ],
                "elbow": [
                    -1.3173827390215327,
                    4.801020788346959,
                    3.008491330044448
                ],
                "root": [
                    -1.307382739021533,
                    5.675422333042052,
                    3.1680332890154594
                ],
                "wrist": [
                    -1.3073827390215327,
                    4.586775819507456,
                    3.358037039628594
                ]
            },
            "tra": {
                "eff": [
                    [
                        -1.1580485388375506e-16,
                        -0.9983388542906745,
                        0.057615380009009835,
                        0.0
                    ],
                    [
                        -3.9835080564506444e-17,
                        0.05761538000900961,
                        0.9983388542906745,
                        0.0
                    ],
                    [
                        0.9999999999999999,
                        -1.1331737184319344e-16,
                        4.644104935474649e-17,
                        0.0
                    ],
                    [
                        -1.307382739021532,
                        3.9168882711483146,
                        3.396697085259532,
                        1.0
                    ]
                ],
                "elbow": [
                    [
                        -9.881215053461863e-17,
                        -0.5225749586129841,
                        0.8525933454060254,
                        0.0
                    ],
                    [
                        7.234470770790668e-17,
                        0.852593345406025,
                        0.522574958612984,
                        0.0
                    ],
                    [
                        1.0000000000000002,
                        -1.133173718431935e-16,
                        4.6441049354746506e-17,
                        0.0
                    ],
                    [
                        -1.3173827390215327,
                        4.801020788346959,
                        3.008491330044448,
                        1.0
                    ]
                ],
                "root": [
                    [
                        -1.0314102678305535e-16,
                        -0.9837588624669105,
                        -0.17949512672440618,
                        0.0
                    ],
                    [
                        -6.602670990406575e-17,
                        -0.1794951267244062,
                        0.9837588624669106,
                        0.0
                    ],
                    [
                        1.0,
                        -1.1331737184319346e-16,
                        4.6441049354746494e-17,
                        0.0
                    ],
                    [
                        -1.307382739021533,
                        5.675422333042052,
                        3.1680332890154594,
                        1.0
                    ]
                ],
                "wrist": [
                    [
                        -1.1580485388375508e-16,
                        -0.9983388542906746,
                        0.05761538000900984,
                        0.0
                    ],
                    [
                        -3.983508056450645e-17,
                        0.05761538000900962,
                        0.9983388542906746,
                        0.0
                    ],
                    [
                        1.0,
                        -1.1331737184319346e-16,
                        4.6441049354746494e-17,
                        0.0
                    ],
                    [
                        -1.3073827390215327,
                        4.586775819507456,
                        3.358037039628594,
                        1.0
                    ]
                ]
            }
        },
        "body_C0": {
            "apos": [
                [
                    0.0,
                    4.975887185352144,
                    -0.37172458532140706
                ],
                [
                    0.0,
                    4.975887185352144,
                    0.6282754146785929
                ]
            ],
            "atra": [
                [
                    [
                        1.0,
                        0.0,
                        0.0,
                        0.0
                    ],
                    [
                        0.0,
                        1.0,
                        0.0,
                        0.0
                    ],
                    [
                        0.0,
                        0.0,
                        1.0,
                        0.0
                    ],
                    [
                        0.0,
                        4.975887185352144,
                        -0.37172458532140706,
                        1.0
                    ]
                ],
                [
                    [
                        1.0,
                        0.0,
                        0.0,
                        0.0
                    ],
                    [
                        0.0,
                        1.0,
                        0.0,
                        0.0
                    ],
                    [
                        0.0,
                        0.0,
                        1.0,
                        0.0
                    ],
                    [
                        0.0,
                        4.975887185352144,
                        0.6282754146785929,
                        1.0
                    ]
                ]
            ],
            "blade": {},
            "child_components": [
                "spine_C0"
            ],
            "param_values": {
                "Override_Color": false,
                "RGB_fk": [
                    0.0,
                    0.0,
                    1.0
                ],
                "RGB_ik": [
                    0.0,
                    0.25,
                    1.0
                ],
                "Use_RGB_Color": false,
                "color_fk": 6,
                "color_ik": 18,
                "comp_index": 0,
                "comp_name": "body",
                "comp_side": "C",
                "comp_type": "EPIC_control_01",
                "connector": "standard",
                "ctlGrp": "",
                "ctlNamesDescription": "['ctl']",
                "ctlNamesDescription_custom": "['ctl']",
                "ctlSize": 1.0,
                "default_rotorder": 0,
                "descriptionName": true,
                "icon": "square",
                "ikrefarray": "",
                "joint": false,
                "joint_names": "",
                "joint_rot_offset_x": 0.0,
                "joint_rot_offset_y": 0.0,
                "joint_rot_offset_z": 0.0,
                "k_ro": true,
                "k_rx": true,
                "k_ry": true,
                "k_rz": true,
                "k_sx": true,
                "k_sy": true,
                "k_sz": true,
                "k_tx": true,
                "k_ty": true,
                "k_tz": true,
                "mirrorBehaviour": false,
                "neutralRotation": true,
                "parentJointIndex": -1,
                "ui_host": "",
                "uniScale": false,
                "useIndex": false
            },
            "parent_fullName": "local_C0",
            "parent_localName": "root",
            "pos": {
                "root": [
                    0.0,
                    4.975887185352144,
                    -0.37172458532140706
                ],
                "sizeRef": [
                    0.0,
                    4.975887185352144,
                    0.6282754146785929
                ]
            },
            "tra": {
                "root": [
                    [
                        1.0,
                        0.0,
                        0.0,
                        0.0
                    ],
                    [
                        0.0,
                        1.0,
                        0.0,
                        0.0
                    ],
                    [
                        0.0,
                        0.0,
                        1.0,
                        0.0
                    ],
                    [
                        0.0,
                        4.975887185352144,
                        -0.37172458532140706,
                        1.0
                    ]
                ],
                "sizeRef": [
                    [
                        1.0,
                        0.0,
                        0.0,
                        0.0
                    ],
                    [
                        0.0,
                        1.0,
                        0.0,
                        0.0
                    ],
                    [
                        0.0,
                        0.0,
                        1.0,
                        0.0
                    ],
                    [
                        0.0,
                        4.975887185352144,
                        0.6282754146785929,
                        1.0
                    ]
                ]
            }
        },
        "eye_L0": {
            "apos": [
                [
                    0.8839054948490269,
                    7.575240878707651,
                    5.010557330301209
                ],
                [
                    0.883905494849027,
                    7.575240878707654,
                    7.168502114304407
                ]
            ],
            "atra": [
                [
                    [
                        1.0,
