{"proxy_order": ["arm_L0_hand_jnt_00_proxy", "arm_L0_lowerarm_jnt_00_proxy", "arm_L0_lowerarm_twist_01_jnt_00_proxy", "arm_L0_lowerarm_twist_02_jnt_00_proxy", "arm_L0_upperarm_jnt_00_proxy", "arm_L0_upperarm_twist_01_jnt_00_proxy", "arm_L0_upperarm_twist_02_jnt_00_proxy", "arm_R0_hand_jnt_00_proxy", "arm_R0_lowerarm_jnt_00_proxy", "arm_R0_lowerarm_twist_01_jnt_00_proxy", "arm_R0_lowerarm_twist_02_jnt_00_proxy", "arm_R0_upperarm_jnt_00_proxy", "arm_R0_upperarm_twist_01_jnt_00_proxy", "arm_R0_upperarm_twist_02_jnt_00_proxy", "finger_L0_finger_01_jnt_00_proxy", "finger_L0_finger_02_jnt_00_proxy", "finger_L1_finger_01_jnt_00_proxy", "finger_L1_finger_02_jnt_00_proxy", "finger_R0_finger_01_jnt_00_proxy", "finger_R0_finger_02_jnt_00_proxy", "finger_R1_finger_01_jnt_00_proxy", "finger_R1_finger_02_jnt_00_proxy", "foot_L0_ball_jnt_00_proxy", "foot_R0_ball_jnt_00_proxy", "leg_L0_cannon_jnt_00_proxy", "leg_L0_cannon_twist_01_jnt_00_proxy", "leg_L0_cannon_twist_02_jnt_00_proxy", "leg_L0_femur_jnt_00_proxy", "leg_L0_femur_twist_01_jnt_00_proxy", "leg_L0_femur_twist_02_jnt_00_proxy", "leg_L0_foot_jnt_00_proxy", "leg_L0_tibia_jnt_00_proxy", "leg_L0_tibia_twist_02_jnt_00_proxy", "leg_L0_tibia_twist_03_jnt_00_proxy", "leg_R0_cannon_jnt_00_proxy", "leg_R0_cannon_twist_01_jnt_00_proxy", "leg_R0_cannon_twist_02_jnt_00_proxy", "leg_R0_femur_jnt_00_proxy", "leg_R0_femur_twist_01_jnt_00_proxy", "leg_R0_femur_twist_02_jnt_00_proxy", "leg_R0_foot_jnt_00_proxy", "leg_R0_tibia_jnt_00_proxy", "leg_R0_tibia_twist_02_jnt_00_proxy", "leg_R0_tibia_twist_03_jnt_00_proxy", "mouth_C0_jaw_jnt_00_proxy", "neck_C0_head_jnt_00_proxy", "neck_C0_head_jnt_01_proxy", "neck_C0_neck_01_jnt_00_proxy", "neck_C0_neck_02_jnt_00_proxy", "spine_C0_pelvis_jnt_00_proxy", "spine_C0_pelvis_jnt_01_proxy", "spine_C0_spine_01_jnt_00_proxy", "spine_C0_spine_02_jnt_00_proxy", "spine_C0_spine_03_jnt_00_proxy", "spine_C0_spine_04_jnt_00_proxy", "spine_C0_spine_05_jnt_00_proxy", "tail_C0_tail_01_jnt_00_proxy", "tail_C0_tail_02_jnt_00_proxy", "tail_C0_tail_03_jnt_00_proxy", "tail_C0_tail_04_jnt_00_proxy", "tail_C0_tail_05_jnt_00_proxy"], "arm_L0_hand_jnt_00_proxy": {"t": [0.11803899918375309, -0.0035404463048873337, 0.01401136989344062], "r": [90.00000000000024, -14.838266651601842, -2.4467540789260864], "s": [0.9999999999999999, 1.0000000000000002, 1.0], "shape": "box", "axis": "xy", "length": 0.25670045614242554, "side": 0.38101014494895935, "parent": "arm_L0_hand_jnt", "worldMatrix": [[-0.04126730334740074, -0.9494122030430642, 0.311309296981875, 0.0], [0.010932782643389746, 0.31112698782239145, 0.9503054623184262, 0.0], [-0.9990883263946716, 0.04262002066495565, -0.002459654531178143, 0.0], [1.3038422927166455, 4.469740170701587, 3.378825996388909, 1.0]]}, "arm_L0_lowerarm_jnt_00_proxy": {"t": [0.06835022551092827, -1.2545413596853905e-09, -2.220446049250313e-16], "r": [89.99999999999999, 0.0, 0.0], "s": [0.9999999999999999, 1.0000000000000004, 1.0000000000000002], "shape": "box", "axis": "xy", "length": 0.13670045137405396, "side": 0.23101012408733368, "parent": "arm_L0_lowerarm_jnt", "worldMatrix": [[-0.024384216787562044, -0.5224195765826686, 0.852339835966173, 0.0], [0.9994716494204788, 0.0055882796687279175, 0.032018637307873785, 0.0], [-0.021490276321310037, 0.8526702511132488, 0.5220072900737158, 0.0], [1.3157160722782357, 4.765313293545916, 3.066748950699563, 1.0]]}, "arm_L0_lowerarm_twist_01_jnt_00_proxy": {"t": [0.06835022603921864, -1.1535122190764469e-08, 2.220446049250313e-16], "r": [89.99999999999999, 0.0, -9.669519270169608e-06], "s": [0.9999999999999998, 1.0000000000000002, 1.0], "shape": "box", "axis": "xy", "length": 0.13670045137405396, "side": 0.18101012706756592, "parent": "arm_L0_lowerarm_twist_01_jnt", "worldMatrix": [[-0.024384220414367063, -0.52241943268181, 0.8523399240626939, 0.0], [0.9994716494204781, 0.005588279668727819, 0.0320186373078737, 0.0], [-0.021490272206108517, 0.8526703392793489, 0.5220071462286195, 0.0], [1.3090494053777544, 4.622483322809538, 3.2997794295724807, 1.0]]}, "arm_L0_lowerarm_twist_02_jnt_00_proxy": {"t": [0.0683502255109297, -1.2545404715069708e-09, 0.0], "r": [90.0, 0.0, 0.0], "s": [0.9999999999999997, 0.9999999999999998, 0.9999999999999998], "shape": "box", "axis": "xy", "length": 0.13670045137405396, "side": 0.20101012289524078, "parent": "arm_L0_lowerarm_twist_02_jnt", "worldMatrix": [[-0.024384216787562033, -0.5224195765826682, 0.8523398359661725, 0.0], [0.9994716494204776, 0.0055882796687281005, 0.03201863730787386, 0.0], [-0.021490276321310238, 0.8526702511132479, 0.5220072900737153, 0.0], [1.3123827389449023, 4.693898303932746, 3.183264187227611, 1.0]]}, "arm_L0_upperarm_jnt_00_proxy": {"t": [0.1494463840666011, -5.030698080332737e-16, -1.3314002678121994e-16], "r": [0.0, 0.0, 0.0], "s": [0.9999999999999997, 0.9999999999999997, 0.9999999999999997], "shape": "box", "axis": "xy", "length": 0.30826684832572937, "side": 0.5684800744056702, "parent": "arm_L0_upperarm_jnt", "worldMatrix": [[0.01124994132985976, -0.9836966076558893, -0.17948376780748138, 0.0], [0.030493619411014538, 0.1797491452459212, -0.9832397388015682, 0.0], [0.9994716494204776, 0.0055882796687281005, 0.03201863730787386, 0.0], [1.3090640020742423, 5.528412432009298, 3.1412100889179806, 1.0]]}, "arm_L0_upperarm_twist_01_jnt_00_proxy": {"t": [0.14814892517825573, 0.0, -2.220446049250313e-16], "r": [90.0, 0.0, 0.0], "s": [1.0000000000000002, 1.0, 0.9999999999999999], "shape": "box", "axis": "xy", "length": 0.2962978482246399, "side": 0.49888935685157776, "parent": "arm_L0_upperarm_twist_01_jnt", "worldMatrix": [[0.011249941329859766, -0.9836966076558898, -0.17948376780748146, 0.0], [0.999471649420478, 0.005588279668728102, 0.032018637307873875, 0.0], [-0.030493619411014545, -0.17974914524592123, 0.9832397388015685, 0.0], [1.3123827390712042, 5.238221556351301, 3.0882623087374994, 1.0]]}, "arm_L0_upperarm_twist_02_jnt_00_proxy": {"t": [0.15629785035651056, 0.0, 0.0], "r": [90.0, 0.0, 0.0], "s": [1.0, 1.0, 0.9999999999999999], "shape": "box", "axis": "xy", "length": 0.30259570479393005, "side": 0.40777871012687683, "parent": "arm_L0_upperarm_twist_02_jnt", "worldMatrix": [[0.011249941329859764, -0.9836966076558896, -0.17948376780748143, 0.0], [0.999471649420478, 0.005588279668728102, 0.032018637307873875, 0.0], [-0.030493619411014545, -0.17974914524592123, 0.9832397388015685, 0.0], [1.3158077473346939, 4.938738304732382, 3.0336190559525886, 1.0]]}, "arm_R0_hand_jnt_00_proxy": {"t": [-0.1180390003926739, 0.0035404462732484543, -0.014011369053902545], "r": [-90.00000000000028, 14.838266651601902, 177.553245921074], "s": [0.999999999999999, 0.9999999999999998, -1.0], "shape": "box", "axis": "xy", "length": 0.25670045614242554, "side": 0.38101014494895935, "parent": "arm_R0_hand_jnt", "worldMatrix": [[0.041267303347401245, -0.949412203043063, 0.31130929698187476, 0.0], [-0.010932782643389342, 0.31112698782239134, 0.950305462318426, 0.0], [0.9990883263946716, 0.04262002066495603, -0.0024596545311784228, 0.0], [-1.303842292748284, 4.469740169446304, 3.3788259956204185, 1.0]]}, "arm_R0_lowerarm_jnt_00_proxy": {"t": [-0.06835021223236872, -2.5425300975712162e-08, 2.220446049250313e-16], "r": [-89.99999999999999, -4.5198400492033624e-29, 179.99999999999937], "s": [0.9999999999999998, 1.0000000000000004, -1.0], "shape": "box", "axis": "xy", "length": 0.13670045137405396, "side": 0.23101012408733368, "parent": "arm_R0_lowerarm_jnt", "worldMatrix": [[0.024384216787562665, -0.5224195765826506, 0.8523398359661839, 0.0], [-0.999471649420479, 0.005588279668727672, 0.03201863730787368, 0.0], [0.02149027632130941, 0.8526702511132597, 0.522007290073698, 0.0], [-1.3157160731753794, 4.765313277733788, 3.066748925454649, 1.0]]}, "arm_R0_lowerarm_twist_01_jnt_00_proxy": {"t": [-0.06835021276065778, -1.1566924307260251e-08, 0.0], "r": [-89.99999999999997, 0.0, 179.99999153789838], "s": [0.9999999999999998, 1.0000000000000002, -0.9999999999999998], "shape": "box", "axis": "xy", "length": 0.13670045137405396, "side": 0.18101012706756592, "parent": "arm_R0_lowerarm_twist_01_jnt", "worldMatrix": [[0.02438421996149406, -0.5224194506504757, 0.8523399130622268, 0.0], [-0.9994716494204783, 0.0055882796687276685, 0.03201863730787366, 0.0], [0.021490272719966792, 0.8526703282701934, 0.5220071641903223, 0.0], [-1.3090494061980107, 4.622483310048091, 3.2997794061952033, 1.0]]}, "arm_R0_lowerarm_twist_02_jnt_00_proxy": {"t": [-0.06835021223236967, -2.291621736816296e-08, 2.220446049250313e-16], "r": [-90.0, 0.0, 179.99999999999937], "s": [0.9999999999999998, 0.9999999999999999, -0.9999999999999996], "shape": "box", "axis": "xy", "length": 0.13670045137405396, "side": 0.20101012289524078, "parent": "arm_R0_lowerarm_twist_02_jnt", "worldMatrix": [[0.024384216787562658, -0.5224195765826505, 0.8523398359661837, 0.0], [-0.999471649420478, 0.005588279668728046, 0.032018637307873875, 0.0], [0.021490276321309613, 0.8526702511132589, 0.5220072900736975, 0.0], [-1.312382739788125, 4.69389829026004, 3.183264163292459, 1.0]]}, "arm_R0_upperarm_jnt_00_proxy": {"t": [-0.14944638406660182, -8.881784197001252e-16, -4.440892098500626e-16], "r": [0.0, 0.0, 179.99999999999997], "s": [0.9999999999999993, 0.9999999999999998, -0.9999999999999997], "shape": "box", "axis": "xy", "length": 0.30826684832572937, "side": 0.5684800744056702, "parent": "arm_R0_upperarm_jnt", "worldMatrix": [[-0.011249941329859629, -0.9836966076558886, -0.1794837678074827, 0.0], [-0.030493619411014652, 0.17974914524592248, -0.9832397388015681, 0.0], [-0.9994716494204777, 0.005588279668728045, 0.03201863730787387, 0.0], [-1.3090640020742428, 5.528412432009297, 3.141210088917982, 1.0]]}, "arm_R0_upperarm_twist_01_jnt_00_proxy": {"t": [-0.14814892517826017, -8.881784197001252e-16, 2.220446049250313e-16], "r": [-90.00000000000003, 0.0, 179.99999999999997], "s": [0.9999999999999997, 0.9999999999999998, -0.9999999999999998], "shape": "box", "axis": "xy", "length": 0.2962978482246399, "side": 0.49888935685157776, "parent": "arm_R0_upperarm_twist_01_jnt", "worldMatrix": [[-0.011249941329859634, -0.9836966076558892, -0.1794837678074828, 0.0], [-0.9994716494204781, 0.005588279668727967, 0.03201863730787432, 0.0], [0.030493619411015103, -0.1797491452459225, 0.9832397388015683, 0.0], [-1.3123827390712035, 5.2382215563513, 3.0882623087374994, 1.0]]}, "arm_R0_upperarm_twist_02_jnt_00_proxy": {"t": [-0.15629785035651356, -8.881784197001252e-16, 2.220446049250313e-16], "r": [-90.00000000000003, 0.0, 179.99999999999997], "s": [0.9999999999999997, 1.0, -1.0], "shape": "box", "axis": "xy", "length": 0.30259570479393005, "side": 0.40777871012687683, "parent": "arm_R0_upperarm_twist_02_jnt", "worldMatrix": [[-0.011249941329859634, -0.9836966076558892, -0.1794837678074828, 0.0], [-0.9994716494204783, 0.005588279668727968, 0.032018637307874326, 0.0], [0.03049361941101511, -0.17974914524592253, 0.9832397388015686, 0.0], [-1.3158077473346927, 4.938738304732377, 3.0336190559525864, 1.0]]}, "finger_L0_finger_01_jnt_00_proxy": {"t": [0.08344164495541762, 1.7763568394002505e-15, -4.440892098500626e-16], "r": [89.99999999999999, 0.0, 0.0], "s": [1.0, 1.0, 1.0], "shape": "box", "axis": "xy", "length": 0.16688328981399536, "side": 0.08006498962640762, "parent": "finger_L0_finger_01_jnt", "worldMatrix": [[-4.572102219778755e-15, -0.9972912587774423, 0.0735536890040532, 0.0], [1.0, -4.553100635501491e-15, -3.626178631225995e-15, 0.0], [3.691281509145757e-15, 0.07355368900405335, 0.9972912587774422, 0.0], [1.1697534345144112, 4.2610141456261355, 3.42909093761274, 1.0]]}, "finger_L0_finger_02_jnt_00_proxy": {"t": [0.08057399149888021, 0.0018751033904243226, -6.8577142827318815e-16], "r": [90.0, 0.0, -0.6526553419265865], "s": [1.0000000000000004, 1.0000000000000004, 1.0000000000000004], "shape": "box", "axis": "xy", "length": 0.16688328981399536, "side": 0.05006498843431473, "parent": "finger_L0_finger_02_jnt", "worldMatrix": [[-5.319301572465257e-15, -0.9819036227472187, -0.18938129695376255, 0.0], [1.0000000000000002, -4.536768435685809e-15, -3.404735487675572e-15, 0.0], [2.15516917825063e-15, -0.18938129695376255, 0.9819036227472183, 0.0], [1.1697534345144096, 4.099237633511114, 3.417231966523632, 1.0]]}, "finger_L1_finger_01_jnt_00_proxy": {"t": [0.08344164495541806, 2.6645352591003757e-15, -6.661338147750939e-16], "r": [89.99999999999999, 0.0, 0.0], "s": [1.0000000000000002, 1.0, 1.0], "shape": "box", "axis": "xy", "length": 0.16688328981399536, "side": 0.08006498962640762, "parent": "finger_L1_finger_01_jnt", "worldMatrix": [[-5.23823603455385e-15, -0.9972912587774426, 0.07355368900405307, 0.0], [1.0, -4.886167542889047e-15, -2.037171927231243e-15, 0.0], [2.1508470624783532e-15, 0.0735536890040532, 0.9972912587774424, 0.0], [1.4430588095691006, 4.261014145626135, 3.4290909376127385, 1.0]]}, "finger_L1_finger_02_jnt_00_proxy": {"t": [0.08057399149888099, 0.0018751033904238702, -2.471397721614724e-16], "r": [89.99999999999999, -1.490885006936023e-16, -0.6526553419263729], "s": [1.0000000000000002, 1.0000000000000002, 1.0], "shape": "box", "axis": "xy", "length": 0.16688328981399536, "side": 0.05006498843431473, "parent": "finger_L1_finger_02_jnt", "worldMatrix": [[-5.560136521058241e-15, -0.9819036227472171, -0.18938129695377026, 0.0], [1.0, -4.828702451515315e-15, -2.033957857982433e-15, 0.0], [7.162890193158738e-16, -0.18938129695377018, 0.9819036227472165, 0.0], [1.4430588095691004, 4.099237633511112, 3.4172319665236324, 1.0]]}, "finger_R0_finger_01_jnt_00_proxy": {"t": [-0.0834416461507752, -8.58738413711535e-10, -3.163691530971846e-11], "r": [89.99999999999974, 180.00000000000003, 0.0], "s": [0.999999999999999, 1.0, -0.9999999999999999], "shape": "box", "axis": "xy", "length": 0.16688328981399536, "side": 0.08006498962640762, "parent": "finger_R0_finger_01_jnt", "worldMatrix": [[5.4756051756194064e-15, -0.9972912587774414, 0.0735536890040524, 0.0], [-1.0000000000000002, -4.938700099917001e-15, 4.46188803050641e-15, 0.0], [3.993370995047845e-15, 0.0735536890040527, 0.9972912587774422, 0.0], [-1.1697534345460487, 4.261014144370851, 3.4290909368442506, 1.0]]}, "finger_R0_finger_02_jnt_00_proxy": {"t": [-0.08057399288278422, -0.0018751038915483242, -3.1635805086693836e-11], "r": [-90.00000000000026, 0.0, 179.34734465807355], "s": [0.9999999999999991, 0.9999999999999999, -0.9999999999999998], "shape": "box", "axis": "xy", "length": 0.16688328981399536, "side": 0.05006498843431473, "parent": "finger_R0_finger_02_jnt", "worldMatrix": [[5.092054447543144e-15, -0.9819036227472164, -0.18938129695376746, 0.0], [-0.9999999999999999, -5.772692774783476e-15, 4.15046086273051e-15, 0.0], [5.354551300488861e-15, -0.1893812969537673, 0.9819036227472168, 0.0], [-1.169753434546047, 4.099237632255827, 3.4172319657551413, 1.0]]}, "finger_R1_finger_01_jnt_00_proxy": {"t": [-0.08344164615077476, -8.587379696223252e-10, -3.1636693265113536e-11], "r": [89.99999999999976, 180.0, 0.0], "s": [0.9999999999999992, 1.0, -0.9999999999999997], "shape": "box", "axis": "xy", "length": 0.16688328981399536, "side": 0.08006498962640762, "parent": "finger_R1_finger_01_jnt", "worldMatrix": [[3.255159126369097e-15, -0.9972912587774415, 0.07355368900405228, 0.0], [-1.0, -2.96599987806446e-15, 2.78560796771094e-15, 0.0], [2.5708977447468613e-15, 0.07355368900405251, 0.997291258777442, 0.0], [-1.4430588096007384, 4.261014144370852, 3.4290909368442515, 1.0]]}, "finger_R1_finger_02_jnt_00_proxy": {"t": [-0.0805739928827851, -0.001875103891547436, -3.1636249175903686e-11], "r": [-90.00000000000023, 4.969616689786745e-17, 179.3473446580737], "s": [0.9999999999999993, 1.0, -0.9999999999999996], "shape": "box", "axis": "xy", "length": 0.16688328981399536, "side": 0.05006498843431473, "parent": "finger_R1_finger_02_jnt", "worldMatrix": [[3.68986564249273e-15, -0.9819036227472155, -0.18938129695377084, 0.0], [-0.9999999999999996, -4.11129961484744e-15, 2.2943069918100892e-15, 0.0], [3.2878805777292232e-15, -0.18938129695377062, 0.9819036227472157, 0.0], [-1.443058809600737, 4.099237632255826, 3.4172319657551427, 1.0]]}, "foot_L0_ball_jnt_00_proxy": {"t": [0.32392481689318164, -0.18123136583271113, 4.8980789815362845e-08], "r": [90.00000000000001, -4.618631415537514e-06, -29.95312866839771], "s": [0.9999999999999996, 1.0, 0.9999999999999994], "shape": "box", "axis": "xy", "length": 0.7594486474990845, "side": 0.23531830310821533, "parent": "foot_L0_ball_jnt", "worldMatrix": [[-8.061032557606522e-08, -0.5117697574803004, 0.8591226427749109, 0.0], [-0.9999999999999969, 4.12539266644296e-08, -6.925415594600051e-08, 0.0], [1.5428480736282548e-16, -0.8591226427749138, -0.5117697574803018, 0.0], [1.392939998085838, 0.2646716363087851, 1.9058510734282565, 1.0]]}, "foot_R0_ball_jnt_00_proxy": {"t": [-0.3239248168931821, 0.18123136583271082, -4.964728650413974e-08], "r": [-90.00000011360468, 4.720080691969343e-06, 150.04687133160232], "s": [1.0, 1.0000000000000002, -0.9999999999999998], "shape": "box", "axis": "xy", "length": 0.7594486474990845, "side": 0.23531830310821533, "parent": "foot_R0_ball_jnt", "worldMatrix": [[8.061032584392752e-08, -0.5117697574803006, 0.8591226427749119, 0.0], [0.9999999999999971, 4.125392577166533e-08, -6.925415672714753e-08, 0.0], [-1.228700058266193e-15, -0.8591226427749143, -0.5117697574803022, 0.0], [-1.3929399980858377, 0.26467163630878476, 1.905851073428256, 1.0]]}, "leg_L0_cannon_jnt_00_proxy": {"t": [0.2828924159280244, 0.003011070138685401, -8.004041873732604e-12], "r": [90.0, 0.0, 0.6098258079382174], "s": [0.9999999999999992, 0.9999999999999998, 0.9999999999999997], "shape": "box", "axis": "xy", "length": 0.5658168792724609, "side": 0.4653182923793793, "parent": "leg_L0_cannon_jnt", "worldMatrix": [[-3.7504592052800743e-16, -0.9507156536464999, 0.31006409968183524, 0.0], [-0.9999999999999998, 3.4224525085781697e-16, -3.283546950626698e-16, 0.0], [2.3781459963709566e-16, -0.3100640996818352, -0.9507156536465001, 0.0], [1.3929400470746316, 1.3511024347838791, 0.5343906234297401, 1.0]]}, "leg_L0_cannon_twist_01_jnt_00_proxy": {"t": [0.2877908083387722, 2.0734907836827965e-05, -8.945733043219661e-12], "r": [90.0, 0.0, 0.004128077308794065], "s": [0.9999999999999993, 1.0, 0.9999999999999994], "shape": "box", "axis": "xy", "length": 0.5755816102027893, "side": 0.3553183078765869, "parent": "leg_L0_cannon_twist_01_jnt", "worldMatrix": [[-3.7529533904609954e-16, -0.9503896671617669, 0.31106185968733735, 0.0], [-1.0, 3.4224525085781707e-16, -3.2835469506266986e-16, 0.0], [2.374207968892485e-16, -0.31106185968733724, -0.950389667161767, 0.0], [1.392940047075573, 0.26644969735771357, 0.8889788744052628, 1.0]]}, "leg_L0_cannon_twist_02_jnt_00_proxy": {"t": [0.2852212722658757, 4.035544274560987e-05, -8.732348177886706e-12], "r": [89.99999999999999, 7.765026077791787e-19, 0.008106676321503851], "s": [0.9999999999999996, 1.0, 0.9999999999999999], "shape": "box", "axis": "xy", "length": 0.5704425573348999, "side": 0.42531830072402954, "parent": "leg_L0_cannon_twist_02_jnt", "worldMatrix": [[-3.7525365897558273e-16, -0.9504442529686108, 0.3108950337315451, 0.0], [-1.0, 4.457879520626841e-16, -1.1791154084016851e-17, 0.0], [-9.558023885499593e-17, -0.310895033731545, -0.9504442529686109, 0.0], [1.3929400470753603, 0.8110500303798467, 0.7107842521805008, 1.0]]}, "leg_L0_femur_jnt_00_proxy": {"t": [0.39221649126626396, 0.2149897282448404, 0.21857098358541263], "r": [90.0, 0.0, -0.00514897282620961], "s": [0.9999999999999997, 1.0, 0.9999999999999999], "shape": "box", "axis": "xy", "length": 0.7843943238258362, "side": 2.34531831741333, "parent": "leg_L0_femur_jnt", "worldMatrix": [[-4.440892080568318e-16, -0.636932893326274, 0.7709192495968831, 0.0], [-1.0000000000000002, 3.4224525085781717e-16, -3.283546950626699e-16, 0.0], [3.990875576325835e-20, -0.7709192495968831, -0.6369328933262738, 0.0], [1.1743690634812154, 4.724659133172052, -0.23728758429399727, 1.0]]}, "leg_L0_femur_twist_01_jnt_00_proxy": {"t": [0.3957865649879377, 0.18960857318555716, 0.12594469197817842], "r": [90.0, 0.0, -0.007241576791328992], "s": [0.9999999999999998, 1.0, 1.0], "shape": "box", "axis": "xy", "length": 0.7915251851081848, "side": 1.905318260192871, "parent": "leg_L0_femur_twist_01_jnt", "worldMatrix": [[-4.4408918939949125e-16, -0.637097558895069, 0.7707831734346201, 0.0], [-1.0, 3.4224525085781707e-16, -3.2835469506266986e-16, 0.0], [1.3477297782319261e-19, -0.7707831734346202, -0.637097558895069, 0.0], [1.2669953550884496, 4.203135232355638, 0.35398646251717897, 1.0]]}, "leg_L0_femur_twist_02_jnt_00_proxy": {"t": [0.3973586285712605, -0.001582515256840722, -4.2224890250963654e-11], "r": [90.0, 0.0, -0.22818421279217932], "s": [0.9999999999999996, 1.0, 0.9999999999999997], "shape": "box", "axis": "xy", "length": 0.7947235703468323, "side": 1.355318307876587, "parent": "leg_L0_femur_twist_02_jnt", "worldMatrix": [[-4.440847967413772e-16, -0.6402943827942777, 0.7681296136473937, 0.0], [-1.0, 3.4224525085781707e-16, -3.2835469506266986e-16, 0.0], [1.9798000965687198e-18, -0.7681296136473936, -0.6402943827942775, 0.0], [1.3929400471088529, 3.5503816785189346, 0.8434279357893562, 1.0]]}, "leg_L0_foot_jnt_00_proxy": {"t": [-0.22306250602093058, 0.4061500782957077, 3.6805389637237814e-08], "r": [90.00000278473496, -3.6846990861348742e-06, 71.87568755582805], "s": [0.9999999999999999, 1.0, 0.9999999999999998], "shape": "box", "axis": "xy", "length": 0.629448652267456, "side": 0.6753183007240295, "parent": "leg_L0_foot_jnt", "worldMatrix": [[-6.431013139629716e-08, -0.0004386462087043186, 0.9999999037947449, 0.0], [-0.9999999999999968, -4.8574579484270935e-08, -6.433144462478384e-08, 0.0], [4.8602793728968855e-08, -0.9999999037947458, -0.0004386462087009879, 0.0], [1.3929400102612381, 0.3311374294000935, 1.2952562355985684, 1.0]]}, "leg_L0_tibia_jnt_00_proxy": {"t": [0.30057610817727687, -0.004700718431753653, -3.3597102877536145e-10], "r": [90.0, 0.0, -0.8959773085692784], "s": [1.0, 1.0000000000000002, 1.0], "shape": "box", "axis": "xy", "length": 0.601225733757019, "side": 0.9553183317184448, "parent": "leg_L0_tibia_jnt", "worldMatrix": [[-1.2865675487741424e-16, -0.9224182099283034, -0.386192498622985, 0.0], [-1.0000000000000002, 3.4224525085781717e-16, -3.283546950626699e-16, 0.0], [4.2504431031324933e-16, 0.38619249862298527, -0.9224182099283035, 0.0], [1.3929400474025992, 3.0186623837538864, 1.0325588534110555, 1.0]]}, "leg_L0_tibia_twist_02_jnt_00_proxy": {"t": [0.302795623013997, -3.935607177454892e-05, -3.6152059124106017e-10], "r": [90.0, 0.0, -0.007447058764426174], "s": [0.9999999999999998, 1.0, 0.9999999999999997], "shape": "box", "axis": "xy", "length": 0.6055912375450134, "side": 0.7753183245658875, "parent": "leg_L0_tibia_twist_02_jnt", "worldMatrix": [[-1.2815895367979107e-16, -0.9219653587431877, -0.38727235542644195, 0.0], [-1.0, 3.4224525085781707e-16, -3.2835469506266986e-16, 0.0], [4.251946717645388e-16, 0.3872723554264421, -0.9219653587431876, 0.0], [1.3929400474281486, 2.462204526982918, 0.799200045500325, 1.0]]}, "leg_L0_tibia_twist_03_jnt_00_proxy": {"t": [0.30507496002541035, 0.0005687885842768081, -3.139917215122523e-10], "r": [90.0, 0.0, 0.10682341005923504], "s": [0.9999999999999997, 1.0, 0.9999999999999999], "shape": "box", "axis": "xy", "length": 0.6101509928703308, "side": 0.5453183054924011, "parent": "leg_L0_tibia_twist_03_jnt", "worldMatrix": [[-1.2893682217224075e-16, -0.922672502352483, -0.3855845606382682, 0.0], [-1.0, 3.4224525085781707e-16, -3.2835469506266986e-16, 0.0], [4.2495943593874547e-16, 0.3855845606382684, -0.9226725023524831, 0.0], [1.3929400473806188, 1.901552683425928, 0.5643032715004868, 1.0]]}, "leg_R0_cannon_jnt_00_proxy": {"t": [-0.2828924159172177, -0.0030110711542108426, 6.312123868035258e-08], "r": [-90.0000001523002, -4.969616689786745e-17, -179.39017398638177], "s": [0.9999999999999994, 0.9999999999999998, -0.9999999999999997], "shape": "box", "axis": "xy", "length": 0.5658168792724609, "side": 0.4653182923793793, "parent": "leg_R0_cannon_jnt", "worldMatrix": [[-2.8292670186359585e-11, -0.9507156536465006, 0.3100640996818351, 0.0], [0.9999999999999998, -2.689877248608728e-11, 8.771516461443256e-12, 0.0], [-1.3528626678031856e-15, -0.3100640996818352, -0.9507156536465007, 0.0], [-1.3929400470746334, 1.3511024347838814, 0.534390623429742, 1.0]]}, "leg_R0_cannon_twist_01_jnt_00_proxy": {"t": [-0.2877908083386995, -2.0735940947425036e-05, 6.312123801421876e-08], "r": [-90.00000015229841, 0.0, -179.99587171701114], "s": [0.9999999999999993, 1.0, -0.9999999999999994], "shape": "box", "axis": "xy", "length": 0.5755816102027893, "side": 0.3553183078765869, "parent": "leg_R0_cannon_twist_01_jnt", "worldMatrix": [[-3.1082802812973417e-11, -0.9503896671617668, 0.31106185968733746, 0.0], [0.9999999999999996, -2.954131919554232e-11, 9.667478944323122e-12, 0.0], [-1.4287375891687e-15, -0.3110618596873375, -0.9503896671617669, 0.0], [-1.3929400470755726, 0.26644969735771484, 0.8889788744052651, 1.0]]}, "leg_R0_cannon_twist_02_jnt_00_proxy": {"t": [-0.2852212722657326, -4.035646663180792e-05, 6.312123845830797e-08], "r": [-90.00000015229868, 0.0, -179.99189311799847], "s": [0.9999999999999998, 1.0000000000000002, -0.9999999999999999], "shape": "box", "axis": "xy", "length": 0.5704425573348999, "side": 0.42531830072402954, "parent": "leg_R0_cannon_twist_02_jnt", "worldMatrix": [[-3.0616226793723133e-11, -0.9504442529686115, 0.31089503373154526, 0.0], [1.0000000000000004, -2.909929894615558e-11, 9.518038857796895e-12, 0.0], [-4.546381540392646e-16, -0.31089503373154526, -0.9504442529686115, 0.0], [-1.392940047075361, 0.8110500303798474, 0.7107842521805027, 1.0]]}, "leg_R0_femur_jnt_00_proxy": {"t": [-0.39221649049449825, -0.21498972965281737, -0.21857098358541172], "r": [-90.00000000000007, 0.0, 179.9948512328542], "s": [1.0, 1.0000000000000002, -1.0], "shape": "box", "axis": "xy", "length": 0.7843943238258362, "side": 2.34531831741333, "parent": "leg_R0_femur_jnt", "worldMatrix": [[2.2203462723809466e-16, -0.6369328933262772, 0.7709192495968807, 0.0], [1.0000000000000002, -1.0181995884142053e-15, -9.563515526315638e-16, 0.0], [-1.4433098851452177e-15, -0.7709192495968809, -0.6369328933262773, 0.0], [-1.1743690634812185, 4.724659133172048, -0.23728758429399516, 1.0]]}, "leg_R0_femur_twist_01_jnt_00_proxy": {"t": [-0.39578656430728554, -0.18960857460634584, -0.1259446919781786], "r": [-90.00000000000007, 0.0, 179.9927586288887], "s": [0.9999999999999999, 1.0000000000000002, -1.0], "shape": "box", "axis": "xy", "length": 0.7915251851081848, "side": 1.905318260192871, "parent": "leg_R0_femur_twist_01_jnt", "worldMatrix": [[2.2201090185408002e-16, -0.6370975588950698, 0.7707831734346199, 0.0], [1.0000000000000002, -1.1036103518717178e-15, -1.0272812803893742e-15, 0.0], [-1.4433573125919969e-15, -0.7707831734346201, -0.6370975588950701, 0.0], [-1.2669953550884507, 4.203135232355637, 0.35398646251717936, 1.0]]}, "leg_R0_femur_twist_02_jnt_00_proxy": {"t": [-0.39735862857694215, 0.0015825138304075281, 4.2224446161753804e-11], "r": [-90.00000000000007, 0.0, 179.77181599288792], "s": [0.9999999999999998, 1.0, -0.9999999999999998], "shape": "box", "axis": "xy", "length": 0.7947235703468323, "side": 1.355318307876587, "parent": "leg_R0_femur_twist_02_jnt", "worldMatrix": [[2.2154744874864458e-16, -0.6402943827942768, 0.7681296136473948, 0.0], [1.0000000000000002, -1.0145823997063015e-15, -9.607263581047068e-16, 0.0], [-1.444278727988504e-15, -0.7681296136473951, -0.6402943827942771, 0.0], [-1.392940047108853, 3.550381678518934, 0.8434279357893542, 1.0]]}, "leg_R0_foot_jnt_00_proxy": {"t": [0.22306250747892414, -0.40615007749496, 2.5242937295999468e-08], "r": [-90.00000283048037, 3.82997583834826e-06, -108.12431223849197], "s": [1.0, 1.0, -0.9999999999999999], "shape": "box", "axis": "xy", "length": 0.629448652267456, "side": 0.6753183007240295, "parent": "leg_R0_foot_jnt", "worldMatrix": [[6.431013212917432e-08, -0.0004386462087048204, 0.9999999037947455, 0.0], [0.9999999999999968, -4.8574580435211115e-08, -6.43314452785321e-08, 0.0], [-4.860279444564172e-08, -0.9999999037947462, -0.0004386462087016128, 0.0], [-1.392940010261238, 0.3311374294000963, 1.2952562355985702, 1.0]]}, "leg_R0_tibia_jnt_00_proxy": {"t": [-0.30057610819415137, 0.004700717352748879, 1.0516273629690431e-08], "r": [-89.999998574886, -1.9242349619778727e-06, 179.10402289711087], "s": [0.9999999999999994, 0.9999999999999998, -0.9999999999999996], "shape": "box", "axis": "xy", "length": 0.601225733757019, "side": 0.9553183317184448, "parent": "leg_R0_tibia_jnt", "worldMatrix": [[-7.248980953019554e-16, -0.9224182099283057, -0.3861924986229796, 0.0], [0.9999999999999998, -2.4986294038809584e-16, -1.5382765888752437e-15, 0.0], [-1.3621047687813595e-15, 0.3861924986229794, -0.9224182099283057, 0.0], [-1.3929400474025986, 3.0186623837538877, 1.032558853411055, 1.0]]}, "leg_R0_tibia_twist_02_jnt_00_proxy": {"t": [-0.3027956230141391, 3.935498480134303e-05, 3.146995064540192e-08], "r": [-89.99999857263376, -1.922564880900128e-06, 179.99255314691572], "s": [0.9999999999999999, 1.0000000000000004, -0.9999999999999999], "shape": "box", "axis": "xy", "length": 0.6055912375450134, "side": 0.7753183245658875, "parent": "leg_R0_tibia_twist_02_jnt", "worldMatrix": [[-7.271024323727357e-16, -0.9219653587431897, -0.38727235542643923, 0.0], [1.0000000000000004, -4.656789679448315e-16, -1.0209627952138943e-15, 0.0], [-1.0173532834231783e-15, 0.387272355426439, -0.9219653587431895, 0.0], [-1.3929400474281484, 2.462204526982918, 0.7992000455003244, 1.0]]}, "leg_R0_tibia_twist_03_jnt_00_proxy": {"t": [-0.30507496002336953, -0.0005687896794337177, 5.255652202329486e-08], "r": [-89.99999857615433, -1.9251736643142416e-06, -179.89317638426067], "s": [0.9999999999999994, 1.0, -0.9999999999999996], "shape": "box", "axis": "xy", "length": 0.6101509928703308, "side": 0.5453183054924011, "parent": "leg_R0_tibia_twist_03_jnt", "worldMatrix": [[-7.259684273099296e-16, -0.9226725023524847, -0.3855845606382657, 0.0], [1.0, -5.298275722195925e-16, -8.689013411384077e-16, 0.0], [-8.412971478466821e-16, 0.3855845606382654, -0.9226725023524844, 0.0], [-1.3929400473806206, 1.9015526834259266, 0.5643032715004881, 1.0]]}, "mouth_C0_jaw_jnt_00_proxy": {"t": [6.303180700614809e-10, -0.7293127553125265, 0.8579432358157222], "r": [90.00000000000755, -74.13556943111249, -89.99999995048626], "s": [1.0, 1.0000000000000002, 2.5247822760969503], "shape": "box", "axis": "xy", "length": 2.0706279277801514, "side": 0.8111883997917175, "parent": "mouth_C0_jaw_jnt", "worldMatrix": [[2.36230891278113e-10, -0.27336211338930255, 0.9619111991048519, 0.0], [-8.313967645898868e-10, 0.9619111991048521, 0.2733621133893028, 0.0], [-2.5247822760969503, -2.182185649544898e-09, -9.921476748453669e-14, 0.0], [6.303167691119438e-10, 6.284632655661569, 5.161570386406578, 1.0]]}, "neck_C0_head_jnt_00_proxy": {"t": [9.006577735479992e-14, -0.1725577093439299, 0.43891835701480225], "r": [0.0, 0.0, 0.0], "s": [1.0000000000000002, 0.4144197818913577, 1.0], "shape": "box", "axis": "xy", "length": 2.2899999618530273, "side": 2.5439021587371826, "parent": "neck_C0_head_jnt", "worldMatrix": [[1.0000000000000007, 1.8671045612372876e-15, 3.103095037870763e-15, 0.0], [-7.612291813393682e-16, 0.414400213350835, -0.0040272568409629415, 0.0], [-3.121526474803016e-15, 0.009717819990597731, 0.9999527808724926, 0.0], [8.884581740846504e-14, 6.934501151158138, 4.785936973194544, 1.0]]}, "neck_C0_head_jnt_01_proxy": {"t": [2.7288174873742395e-13, 0.6461048888193397, -0.4464308423354929], "r": [90.0, 0.0, 89.99999999997358], "s": [1.0000000000000002, 1.0, 1.298464358466751], "shape": "box", "axis": "xy", "length": 0.5830067992210388, "side": 1.4739021062850952, "parent": "neck_C0_head_jnt", "worldMatrix": [[4.593497891086654e-13, 0.9999527808724928, -0.009717819990597622, 0.0], [-3.121526474803016e-15, 0.009717819990597731, 0.9999527808724926, 0.0], [1.2984643584667517, -5.96381775227162e-13, 9.848623409156563e-15, 0.0], [2.729216650070739e-13, 7.744521428639693, 3.892673963498996, 1.0]]}, "neck_C0_neck_01_jnt_00_proxy": {"t": [-1.3620468361761614e-16, 0.22990927963245786, -0.2438682080223848], "r": [0.0, 9.743205428185556, 90.0], "s": [0.9999999999999996, 0.9999999999999998, 0.9999999999999997], "shape": "box", "axis": "xy", "length": 0.5210000276565552, "side": 1.9663244485855103, "parent": "neck_C0_neck_01_jnt", "worldMatrix": [[-4.927735133061799e-16, 0.6238481905050675, 0.781545542629188, 0.0], [-0.9999999999999996, -1.6479873021779665e-16, -4.982993184743377e-16, 0.0], [-1.821692932176624e-16, -0.7815455426291881, 0.6238481905050673, 0.0], [-2.315041055350119e-16, 6.667987705687757, 3.046914549272863, 1.0]]}, "neck_C0_neck_02_jnt_00_proxy": {"t": [-4.7484602392871135e-06, 0.1690994385887408, -0.3386730221679401], "r": [89.99999999999999, 11.432264840177936, 90.00160891563655], "s": [0.9999999999999998, 0.9999999999999998, 0.9999999999999999], "shape": "box", "axis": "xy", "length": 0.5210000276565552, "side": 1.879192590713501, "parent": "neck_C0_neck_02_jnt", "worldMatrix": [[-0.00017385496313093298, 0.6751399440129978, 0.7376896541043376, 0.0], [0.0007180528051339117, -0.7376893907940341, 0.6751398722561831, 0.0], [0.9999997270872729, 0.0006470765430473049, -0.00035653516881801317, 0.0], [-0.0002547792724064154, 6.992987088516995, 3.4274943859081786, 1.0]]}, "spine_C0_pelvis_jnt_00_proxy": {"t": [7.573408090977614e-16, 4.163336342344337e-17, 0.3394401091315025], "r": [90.00000000000014, 0.0, 89.99999999999994], "s": [1.0000000000000004, 1.0000000000000004, 1.0000000000000002], "shape": "box", "axis": "xy", "length": 1.0, "side": 2.450000047683716, "parent": "spine_C0_pelvis_jnt", "worldMatrix": [[8.881784197001258e-16, 0.3948612551199444, 0.9187407627862735, 0.0], [2.2759572004815725e-15, -0.9187407627862733, 0.3948612551199444, 0.0], [1.0000000000000004, 1.7331454571374145e-15, -1.5907731178880003e-15, 0.0], [7.573408090977616e-16, 4.604480275738668, -0.3303215511628989, 1.0]]}, "spine_C0_pelvis_jnt_01_proxy": {"t": [1.9859167512158556e-16, -0.4971580947335019, 0.29476471711467256], "r": [0.0, 0.0, 90.00000000000003], "s": [1.0000000000000004, 1.0000000000000004, 1.0000000000000002], "shape": "box", "axis": "xy", "length": 1.0, "side": 2.0, "parent": "spine_C0_pelvis_jnt", "worldMatrix": [[-4.440892098500629e-16, 0.39486125511994447, 0.9187407627862735, 0.0], [-1.0000000000000007, -1.7535362278662013e-16, -4.080028594028e-16, 0.0], [0.0, -0.9187407627862733, 0.3948612551199444, 0.0], [1.985916751215856e-16, 4.4492169101984755, -0.8047215397084677, 1.0]]}, "spine_C0_spine_01_jnt_00_proxy": {"t": [0.0, 0.33039660354875816, 0.3185083152399334], "r": [90.0, -1.1883536292382828, 90.0], "s": [1.0, 1.0, 1.0], "shape": "box", "axis": "xy", "length": 0.6690000295639038, "side": 2.75, "parent": "spine_C0_spine_01_jnt", "worldMatrix": [[0.0, 0.3757224346775847, 0.9267322440057579, 0.0], [0.0, -0.9267322440057579, 0.37572243467758476, 0.0], [0.9999999999999998, 0.0, 0.0, 0.0], [0.0, 4.9416757038673165, 0.4274464103511017, 1.0]]}, "spine_C0_spine_02_jnt_00_proxy": {"t": [-1.1026135006010236e-17, 0.3316751420497895, 0.3453494622895584], "r": [90.0, -2.330165088064184, 90.0], "s": [0.9999999999999994, 0.9999999999999996, 0.9999999999999999], "shape": "box", "axis": "xy", "length": 0.6690000295639038, "side": 2.75, "parent": "spine_C0_spine_02_jnt", "worldMatrix": [[-0.00012919073761329656, 0.360060379572357, 0.9329289932100739, 0.0], [-0.0031748834702900732, -0.9329244467593711, 0.36005818523354016, 0.0], [0.999994951699609, -0.002915424656963001, 0.0012636749448249667, 0.0], [-0.0010973516686150614, 5.229984563513331, 1.0258796845711162, 1.0]]}, "spine_C0_spine_03_jnt_00_proxy": {"t": [-1.8230192110372374e-08, 0.33188378545877867, 0.3791843045372681], "r": [90.00000000000001, 0.00043964880253617716, 90.00000314722537], "s": [1.0000000000000004, 1.0000000000000002, 1.0000000000000002], "shape": "box", "axis": "xy", "length": 0.6690000295639038, "side": 2.75, "parent": "spine_C0_spine_03_jnt", "worldMatrix": [[1.7864517780656272e-16, 0.3153046684699884, 0.9489904983934411, 0.0], [-0.0071583153555783525, -0.9489661842437447, 0.31529659002776766, 0.0], [0.9999743789324158, -0.006793173256947613, 0.002257050249994033, 0.0], [-0.002714339059408661, 5.423560536003095, 1.6273633545638766, 1.0]]}, "spine_C0_spine_04_jnt_00_proxy": {"t": [2.4540768060174626e-16, 0.30527868919450646, 0.4009145866410257], "r": [90.0, -3.9061653892813655, 89.99999999999996], "s": [1.0, 1.0, 1.0], "shape": "box", "axis": "xy", "length": 0.6690000295639038, "side": 2.75, "parent": "spine_C0_spine_04_jnt", "worldMatrix": [[2.5178865003656897e-16, 0.3153046684699962, 0.9489904983934379, 0.0], [-6.412599336496651e-19, -0.948990498393438, 0.31530466846999605, 0.0], [0.9999999999999999, -1.720162425060354e-16, -3.2353800081096675e-16, 0.0], [7.341103582993788e-17, 5.632838495458062, 2.2572700133571937, 1.0]]}, "spine_C0_spine_05_jnt_00_proxy": {"t": [1.129734803486493e-16, 0.23036163176632438, 0.2748610601421688], "r": [89.99999999999997, -3.344781703836761, 89.99999999999997], "s": [1.0, 1.0000000000000002, 1.0], "shape": "box", "axis": "xy", "length": 0.5370267629623413, "side": 2.0821080207824707, "parent": "spine_C0_spine_05_jnt", "worldMatrix": [[-8.12467567753941e-17, 0.32458758799191006, 0.945855643172675, 0.0], [-4.498779037645783e-16, -0.9458556431726752, 0.3245875879919101, 0.0], [1.0000000000000002, -4.1452741578677183e-16, 2.5578814519360175e-16, 0.0], [-1.7772784612533964e-17, 5.989185268831169, 2.794363283108798, 1.0]]}, "tail_C0_tail_01_jnt_00_proxy": {"t": [0.5795436124042525, 6.678685382510705e-16, 9.673153442009608e-16], "r": [90.00000000000006, 3.1805546814635168e-15, 0.0], "s": [1.0, 1.0, 1.0000000000000002], "shape": "box", "axis": "xy", "length": 1.1799999475479126, "side": 1.3539999723434448, "parent": "tail_C0_tail_01_jnt", "worldMatrix": [[6.661338147750937e-16, -0.02878940593605306, -0.9995854991474459, 0.0], [-0.9999999999999998, -2.7612691146741904e-15, -6.038237151737849e-16, 0.0], [-2.7200464103316335e-15, 0.999585499147446, -0.02878940593605312, 0.0], [-5.81261746841575e-16, 4.41742945038578, -1.6307114752972214, 1.0]]}, "tail_C0_tail_02_jnt_00_proxy": {"t": [0.5899750037051654, 8.881784197001252e-16, 3.9300229984007527e-16], "r": [90.00000000000006, 0.0, 0.0], "s": [1.0, 1.0, 1.0], "shape": "box", "axis": "xy", "length": 1.1799999475479126, "side": 0.9939999580383301, "parent": "tail_C0_tail_02_jnt", "worldMatrix": [[6.661338147750937e-16, -0.02878940593605306, -0.9995854991474459, 0.0], [-0.9999999999999998, -2.7612691146741904e-15, -6.038237151737849e-16, 0.0], [-2.7200464103316327e-15, 0.9995854991474458, -0.028789405936053114, 0.0], [-3.303355040612987e-30, 4.3831590770795525, -2.8205994599038338, 1.0]]}, "tail_C0_tail_03_jnt_00_proxy": {"t": [0.589975003705165, 0.0, 3.930022998400721e-16], "r": [90.00000000000006, 0.0, 0.0], "s": [1.0000000000000002, 1.0000000000000002, 1.0000000000000002], "shape": "box", "axis": "xy", "length": 1.1799499988555908, "side": 0.663985013961792, "parent": "tail_C0_tail_03_jnt", "worldMatrix": [[6.661338147750938e-16, -0.028789405936053065, -0.9995854991474461, 0.0], [-1.0, -2.761269114674191e-15, -6.03823715173785e-16, 0.0], [-2.7200464103316335e-15, 0.999585499147446, -0.02878940593605312, 0.0], [-3.8456969129524326e-30, 4.349189017331967, -4.00006037703012, 1.0]]}, "tail_C0_tail_04_jnt_00_proxy": {"t": [0.5899750037051641, 0.0, 3.9300229984007527e-16], "r": [90.00000000000006, 0.0, 0.0], "s": [1.0000000000000002, 1.0000000000000002, 1.0000000000000002], "shape": "box", "axis": "xy", "length": 1.1799499988555908, "side": 0.5639849901199341, "parent": "tail_C0_tail_04_jnt", "worldMatrix": [[6.661338147750938e-16, -0.028789405936053065, -0.9995854991474461, 0.0], [-1.0, -2.761269114674191e-15, -6.03823715173785e-16, 0.0], [-2.7200464103316335e-15, 0.999585499147446, -0.02878940593605312, 0.0], [-7.860045996801459e-16, 4.315218957584383, -5.179521294156405, 1.0]]}, "tail_C0_tail_05_jnt_00_proxy": 